Season,Week,Date,Home Team,Home Score,Home Opening Spread,Home Closing Spread,Home Opening ML,Home Opening ML Decimal,Home Closing ML,Home Closing ML decimal,Away Team,Away Score,Away Opening Spread,Away Closing Spread,Away Opening ML,Away Opening ML Decimal,Away Closing ML,Away Closing ML decimal,Opening O/U Total,Closing O/U Total
2014,10,11/9/14,GNB,55,0,0,0,0,0,0,CHI,14,0,0,0,0,0,0,0,0
2014,13,11/30/14,HOU,45,0,0,0,0,0,0,TEN,21,0,0,0,0,0,0,0,0
2014,8,10/26/14,PIT,51,0,0,0,0,0,0,IND,34,0,0,0,0,0,0,0,0
2014,9,11/2/14,PIT,43,0,0,0,0,0,0,BAL,23,0,0,0,0,0,0,0,0
2014,13,11/30/14,IND,49,0,0,0,0,0,0,WAS,27,0,0,0,0,0,0,0,0
2014,16,12/21/14,DAL,42,0,0,0,0,0,0,IND,7,0,0,0,0,0,0,0,0
2014,8,10/26/14,NWE,51,0,0,0,0,0,0,CHI,23,0,0,0,0,0,0,0,0
2014,4,9/28/14,IND,41,0,0,0,0,0,0,TEN,17,0,0,0,0,0,0,0,0
2014,5,10/5/14,DEN,41,0,0,0,0,0,0,ARI,20,0,0,0,0,0,0,0,0
2014,7,10/19/14,DEN,42,0,0,0,0,0,0,SFO,17,0,0,0,0,0,0,0,0
2014,12,11/23/14,DEN,39,0,0,0,0,0,0,MIA,36,0,0,0,0,0,0,0,0
2014,16,12/21/14,MIA,37,0,0,0,0,0,0,MIN,35,0,0,0,0,0,0,0,0
2014,9,11/2/14,NWE,43,0,0,0,0,0,0,DEN,21,0,0,0,0,0,0,0,0
2014,6,10/12/14,OAK,28,0,0,0,0,0,0,LAC,31,0,0,0,0,0,0,0,0
2014,1,9/7/14,ATL,37,0,0,0,0,0,0,NOR,34,0,0,0,0,0,0,0,0
2014,3,9/18/14,ATL,56,0,0,0,0,0,0,TAM,14,0,0,0,0,0,0,0,0
2014,11,11/16/14,CHI,21,0,0,0,0,0,0,MIN,13,0,0,0,0,0,0,0,0
2014,2,9/15/14,IND,27,0,0,0,0,0,0,PHI,30,0,0,0,0,0,0,0,0
2014,4,9/28/14,DAL,38,0,0,0,0,0,0,NOR,17,0,0,0,0,0,0,0,0
2014,7,10/19/14,DAL,31,0,0,0,0,0,0,NYG,21,0,0,0,0,0,0,0,0
2014,1,9/7/14,DEN,31,0,0,0,0,0,0,IND,24,0,0,0,0,0,0,0,0
2014,2,9/14/14,DEN,24,0,0,0,0,0,0,KAN,17,0,0,0,0,0,0,0,0
2014,8,10/23/14,DEN,35,0,0,0,0,0,0,LAC,21,0,0,0,0,0,0,0,0
2014,14,12/7/14,DET,34,0,0,0,0,0,0,TAM,17,0,0,0,0,0,0,0,0
2014,2,9/14/14,GNB,31,0,0,0,0,0,0,NYJ,24,0,0,0,0,0,0,0,0
2014,5,10/2/14,GNB,42,0,0,0,0,0,0,MIN,10,0,0,0,0,0,0,0,0
2014,7,10/19/14,GNB,38,0,0,0,0,0,0,CAR,17,0,0,0,0,0,0,0,0
2014,11,11/16/14,GNB,53,0,0,0,0,0,0,PHI,20,0,0,0,0,0,0,0,0
2014,14,12/8/14,GNB,43,0,0,0,0,0,0,ATL,37,0,0,0,0,0,0,0,0
2014,4,9/29/14,KAN,41,0,0,0,0,0,0,NWE,14,0,0,0,0,0,0,0,0
2014,9,11/2/14,MIA,37,0,0,0,0,0,0,LAC,0,0,0,0,0,0,0,0,0
2014,8,10/26/14,NOR,44,0,0,0,0,0,0,GNB,23,0,0,0,0,0,0,0,0
2014,10,11/9/14,NOR,24,0,0,0,0,0,0,SFO,27,0,0,0,0,0,0,0,0
2014,12,11/24/14,NOR,27,0,0,0,0,0,0,BAL,34,0,0,0,0,0,0,0,0
2014,7,10/16/14,NWE,27,0,0,0,0,0,0,NYJ,25,0,0,0,0,0,0,0,0
2014,12,11/23/14,NYG,28,0,0,0,0,0,0,DAL,31,0,0,0,0,0,0,0,0
2014,15,12/14/14,NYG,24,0,0,0,0,0,0,WAS,13,0,0,0,0,0,0,0,0
2014,5,10/5/14,TEN,28,0,0,0,0,0,0,CLE,29,0,0,0,0,0,0,0,0
2014,3,9/21/14,PHI,37,0,0,0,0,0,0,WAS,34,0,0,0,0,0,0,0,0
2014,4,9/28/14,PIT,24,0,0,0,0,0,0,TAM,27,0,0,0,0,0,0,0,0
2014,7,10/20/14,PIT,30,0,0,0,0,0,0,HOU,23,0,0,0,0,0,0,0,0
2014,14,12/7/14,OAK,24,0,0,0,0,0,0,SFO,13,0,0,0,0,0,0,0,0
2014,3,9/21/14,STL,31,0,0,0,0,0,0,DAL,34,0,0,0,0,0,0,0,0
2014,4,9/28/14,BAL,38,0,0,0,0,0,0,CAR,10,0,0,0,0,0,0,0,0
2014,2,9/14/14,LAC,30,0,0,0,0,0,0,SEA,21,0,0,0,0,0,0,0,0
2014,4,9/28/14,LAC,33,0,0,0,0,0,0,JAX,14,0,0,0,0,0,0,0,0
2014,5,10/5/14,LAC,31,0,0,0,0,0,0,NYJ,0,0,0,0,0,0,0,0,0
2014,8,10/26/14,ATL,21,0,0,0,0,0,0,DET,22,0,0,0,0,0,0,0,0
2014,12,11/23/14,ATL,24,0,0,0,0,0,0,CLE,26,0,0,0,0,0,0,0,0
2014,13,11/30/14,ATL,29,0,0,0,0,0,0,ARI,18,0,0,0,0,0,0,0,0
2014,15,12/14/14,ATL,20,0,0,0,0,0,0,PIT,27,0,0,0,0,0,0,0,0
2014,6,10/12/14,BUF,22,0,0,0,0,0,0,NWE,37,0,0,0,0,0,0,0,0
2014,7,10/19/14,BUF,17,0,0,0,0,0,0,MIN,16,0,0,0,0,0,0,0,0
2014,12,11/24/14,BUF,38,0,0,0,0,0,0,NYJ,3,0,0,0,0,0,0,0,0
2014,3,9/21/14,CAR,19,0,0,0,0,0,0,PIT,37,0,0,0,0,0,0,0,0
2014,5,10/5/14,CAR,31,0,0,0,0,0,0,CHI,24,0,0,0,0,0,0,0,0
2014,11,11/16/14,CAR,17,0,0,0,0,0,0,ATL,19,0,0,0,0,0,0,0,0
2014,1,9/7/14,CHI,20,0,0,0,0,0,0,BUF,23,0,0,0,0,0,0,0,0
2014,4,9/28/14,CHI,17,0,0,0,0,0,0,GNB,38,0,0,0,0,0,0,0,0
2014,14,12/4/14,CHI,28,0,0,0,0,0,0,DAL,41,0,0,0,0,0,0,0,0
2014,15,12/15/14,CHI,15,0,0,0,0,0,0,NOR,31,0,0,0,0,0,0,0,0
2014,16,12/21/14,CHI,14,0,0,0,0,0,0,DET,20,0,0,0,0,0,0,0,0
2014,6,10/12/14,CIN,37,0,0,0,0,0,0,CAR,37,0,0,0,0,0,0,0,0
2014,9,11/2/14,CIN,33,0,0,0,0,0,0,JAX,23,0,0,0,0,0,0,0,0
2014,14,12/7/14,CIN,21,0,0,0,0,0,0,PIT,42,0,0,0,0,0,0,0,0
2014,16,12/22/14,CIN,37,0,0,0,0,0,0,DEN,28,0,0,0,0,0,0,0,0
2014,9,11/2/14,CLE,22,0,0,0,0,0,0,TAM,17,0,0,0,0,0,0,0,0
2014,7,10/19/14,IND,27,0,0,0,0,0,0,CIN,0,0,0,0,0,0,0,0,0
2014,11,11/16/14,IND,20,0,0,0,0,0,0,NWE,42,0,0,0,0,0,0,0,0
2014,15,12/14/14,IND,17,0,0,0,0,0,0,HOU,10,0,0,0,0,0,0,0,0
2014,1,9/8/14,ARI,18,0,0,0,0,0,0,LAC,17,0,0,0,0,0,0,0,0
2014,3,9/21/14,ARI,23,0,0,0,0,0,0,SFO,14,0,0,0,0,0,0,0,0
2014,6,10/12/14,ARI,30,0,0,0,0,0,0,WAS,20,0,0,0,0,0,0,0,0
2014,8,10/26/14,ARI,24,0,0,0,0,0,0,PHI,20,0,0,0,0,0,0,0,0
2014,11,11/16/14,ARI,14,0,0,0,0,0,0,DET,6,0,0,0,0,0,0,0,0
2014,5,10/5/14,DAL,20,0,0,0,0,0,0,HOU,17,0,0,0,0,0,0,0,0
2014,8,10/27/14,DAL,17,0,0,0,0,0,0,WAS,20,0,0,0,0,0,0,0,0
2014,1,9/8/14,DET,35,0,0,0,0,0,0,NYG,14,0,0,0,0,0,0,0,0
2014,7,10/19/14,DET,24,0,0,0,0,0,0,NOR,23,0,0,0,0,0,0,0,0
2014,10,11/9/14,DET,20,0,0,0,0,0,0,MIA,16,0,0,0,0,0,0,0,0
2014,13,11/27/14,DET,34,0,0,0,0,0,0,CHI,17,0,0,0,0,0,0,0,0
2014,13,11/30/14,GNB,26,0,0,0,0,0,0,NWE,21,0,0,0,0,0,0,0,0
2014,17,12/28/14,GNB,30,0,0,0,0,0,0,DET,20,0,0,0,0,0,0,0,0
2014,9,11/2/14,HOU,21,0,0,0,0,0,0,PHI,31,0,0,0,0,0,0,0,0
2014,17,12/28/14,HOU,23,0,0,0,0,0,0,JAX,17,0,0,0,0,0,0,0,0
2014,3,9/21/14,JAX,17,0,0,0,0,0,0,IND,44,0,0,0,0,0,0,0,0
2014,9,11/2/14,KAN,24,0,0,0,0,0,0,NYJ,10,0,0,0,0,0,0,0,0
2014,13,11/30/14,KAN,16,0,0,0,0,0,0,DEN,29,0,0,0,0,0,0,0,0
2014,15,12/14/14,KAN,31,0,0,0,0,0,0,OAK,13,0,0,0,0,0,0,0,0
2014,1,9/7/14,MIA,33,0,0,0,0,0,0,NWE,20,0,0,0,0,0,0,0,0
2014,6,10/12/14,MIA,24,0,0,0,0,0,0,GNB,27,0,0,0,0,0,0,0,0
2014,11,11/13/14,MIA,22,0,0,0,0,0,0,BUF,9,0,0,0,0,0,0,0,0
2014,12,11/23/14,MIN,21,0,0,0,0,0,0,GNB,24,0,0,0,0,0,0,0,0
2014,13,11/30/14,MIN,31,0,0,0,0,0,0,CAR,13,0,0,0,0,0,0,0,0
2014,14,12/7/14,MIN,30,0,0,0,0,0,0,NYJ,24,0,0,0,0,0,0,0,0
2014,3,9/21/14,NOR,20,0,0,0,0,0,0,MIN,9,0,0,0,0,0,0,0,0
2014,5,10/5/14,NOR,37,0,0,0,0,0,0,TAM,31,0,0,0,0,0,0,0,0
2014,5,10/5/14,NWE,43,0,0,0,0,0,0,CIN,17,0,0,0,0,0,0,0,0
2014,12,11/23/14,NWE,34,0,0,0,0,0,0,DET,9,0,0,0,0,0,0,0,0
2014,15,12/14/14,NWE,41,0,0,0,0,0,0,MIA,13,0,0,0,0,0,0,0,0
2014,2,9/14/14,NYG,14,0,0,0,0,0,0,ARI,25,0,0,0,0,0,0,0,0
2014,3,9/21/14,NYG,30,0,0,0,0,0,0,HOU,17,0,0,0,0,0,0,0,0
2014,5,10/5/14,NYG,30,0,0,0,0,0,0,ATL,20,0,0,0,0,0,0,0,0
2014,9,11/3/14,NYG,24,0,0,0,0,0,0,IND,40,0,0,0,0,0,0,0,0
2014,6,10/12/14,NYJ,17,0,0,0,0,0,0,DEN,31,0,0,0,0,0,0,0,0
2014,10,11/9/14,NYJ,20,0,0,0,0,0,0,PIT,13,0,0,0,0,0,0,0,0
2014,8,10/26/14,TEN,16,0,0,0,0,0,0,HOU,30,0,0,0,0,0,0,0,0
2014,11,11/17/14,TEN,24,0,0,0,0,0,0,PIT,27,0,0,0,0,0,0,0,0
2014,1,9/7/14,PHI,34,0,0,0,0,0,0,JAX,17,0,0,0,0,0,0,0,0
2014,5,10/5/14,PHI,34,0,0,0,0,0,0,STL,28,0,0,0,0,0,0,0,0
2014,6,10/12/14,PHI,27,0,0,0,0,0,0,NYG,0,0,0,0,0,0,0,0,0
2014,10,11/10/14,PHI,45,0,0,0,0,0,0,CAR,21,0,0,0,0,0,0,0,0
2014,14,12/7/14,PHI,14,0,0,0,0,0,0,SEA,24,0,0,0,0,0,0,0,0
2014,13,11/30/14,PIT,32,0,0,0,0,0,0,NOR,35,0,0,0,0,0,0,0,0
2014,17,12/28/14,PIT,27,0,0,0,0,0,0,CIN,17,0,0,0,0,0,0,0,0
2014,4,9/28/14,OAK,14,0,0,0,0,0,0,MIA,38,0,0,0,0,0,0,0,0
2014,10,11/9/14,OAK,17,0,0,0,0,0,0,DEN,41,0,0,0,0,0,0,0,0
2014,16,12/21/14,OAK,26,0,0,0,0,0,0,BUF,24,0,0,0,0,0,0,0,0
2014,7,10/19/14,STL,28,0,0,0,0,0,0,SEA,26,0,0,0,0,0,0,0,0
2014,13,11/30/14,STL,52,0,0,0,0,0,0,OAK,0,0,0,0,0,0,0,0,0
2014,16,12/21/14,STL,27,0,0,0,0,0,0,NYG,37,0,0,0,0,0,0,0,0
2014,2,9/11/14,BAL,26,0,0,0,0,0,0,PIT,6,0,0,0,0,0,0,0,0
2014,7,10/19/14,BAL,29,0,0,0,0,0,0,ATL,7,0,0,0,0,0,0,0,0
2014,13,11/30/14,BAL,33,0,0,0,0,0,0,LAC,34,0,0,0,0,0,0,0,0
2014,17,12/28/14,BAL,20,0,0,0,0,0,0,CLE,10,0,0,0,0,0,0,0,0
2014,7,10/19/14,LAC,20,0,0,0,0,0,0,KAN,23,0,0,0,0,0,0,0,0
2014,1,9/4/14,SEA,36,0,0,0,0,0,0,GNB,16,0,0,0,0,0,0,0,0
2014,3,9/21/14,SEA,26,0,0,0,0,0,0,DEN,20,0,0,0,0,0,0,0,0
2014,4,9/28/14,SFO,26,0,0,0,0,0,0,PHI,21,0,0,0,0,0,0,0,0
2014,17,12/28/14,SFO,20,0,0,0,0,0,0,ARI,17,0,0,0,0,0,0,0,0
2014,1,9/7/14,TAM,14,0,0,0,0,0,0,CAR,20,0,0,0,0,0,0,0,0
2014,6,10/12/14,TAM,17,0,0,0,0,0,0,BAL,48,0,0,0,0,0,0,0,0
2014,10,11/9/14,TAM,17,0,0,0,0,0,0,ATL,27,0,0,0,0,0,0,0,0
2014,2,9/14/14,WAS,41,0,0,0,0,0,0,JAX,10,0,0,0,0,0,0,0,0
2014,5,10/6/14,WAS,17,0,0,0,0,0,0,SEA,27,0,0,0,0,0,0,0,0
2014,6,10/12/14,ATL,13,0,0,0,0,0,0,CHI,27,0,0,0,0,0,0,0,0
2014,2,9/14/14,BUF,29,0,0,0,0,0,0,MIA,10,0,0,0,0,0,0,0,0
2014,3,9/21/14,BUF,10,0,0,0,0,0,0,LAC,22,0,0,0,0,0,0,0,0
2014,10,11/9/14,BUF,13,0,0,0,0,0,0,KAN,17,0,0,0,0,0,0,0,0
2014,13,11/30/14,BUF,26,0,0,0,0,0,0,CLE,10,0,0,0,0,0,0,0,0
2014,2,9/14/14,CAR,24,0,0,0,0,0,0,DET,7,0,0,0,0,0,0,0,0
2014,15,12/14/14,CAR,19,0,0,0,0,0,0,TAM,17,0,0,0,0,0,0,0,0
2014,16,12/21/14,CAR,17,0,0,0,0,0,0,CLE,13,0,0,0,0,0,0,0,0
2014,7,10/19/14,CHI,14,0,0,0,0,0,0,MIA,27,0,0,0,0,0,0,0,0
2014,12,11/23/14,CHI,21,0,0,0,0,0,0,TAM,13,0,0,0,0,0,0,0,0
2014,2,9/14/14,CIN,24,0,0,0,0,0,0,ATL,10,0,0,0,0,0,0,0,0
2014,3,9/21/14,CIN,33,0,0,0,0,0,0,TEN,7,0,0,0,0,0,0,0,0
2014,2,9/14/14,CLE,26,0,0,0,0,0,0,NOR,24,0,0,0,0,0,0,0,0
2014,3,9/21/14,CLE,21,0,0,0,0,0,0,BAL,23,0,0,0,0,0,0,0,0
2014,6,10/12/14,CLE,31,0,0,0,0,0,0,PIT,10,0,0,0,0,0,0,0,0
2014,8,10/26/14,CLE,23,0,0,0,0,0,0,OAK,13,0,0,0,0,0,0,0,0
2014,11,11/16/14,CLE,7,0,0,0,0,0,0,HOU,23,0,0,0,0,0,0,0,0
2014,5,10/5/14,IND,20,0,0,0,0,0,0,BAL,13,0,0,0,0,0,0,0,0
2014,12,11/23/14,IND,23,0,0,0,0,0,0,JAX,3,0,0,0,0,0,0,0,0
2014,10,11/9/14,ARI,31,0,0,0,0,0,0,STL,14,0,0,0,0,0,0,0,0
2014,14,12/7/14,ARI,17,0,0,0,0,0,0,KAN,14,0,0,0,0,0,0,0,0
2014,1,9/7/14,DAL,17,0,0,0,0,0,0,SFO,28,0,0,0,0,0,0,0,0
2014,9,11/2/14,DAL,17,0,0,0,0,0,0,ARI,28,0,0,0,0,0,0,0,0
2014,17,12/28/14,DEN,47,0,0,0,0,0,0,OAK,14,0,0,0,0,0,0,0,0
2014,5,10/5/14,DET,14,0,0,0,0,0,0,BUF,17,0,0,0,0,0,0,0,0
2014,15,12/14/14,DET,16,0,0,0,0,0,0,MIN,14,0,0,0,0,0,0,0,0
2014,1,9/7/14,HOU,17,0,0,0,0,0,0,WAS,6,0,0,0,0,0,0,0,0
2014,4,9/28/14,HOU,23,0,0,0,0,0,0,BUF,17,0,0,0,0,0,0,0,0
2014,6,10/9/14,HOU,28,0,0,0,0,0,0,IND,33,0,0,0,0,0,0,0,0
2014,16,12/21/14,HOU,25,0,0,0,0,0,0,BAL,13,0,0,0,0,0,0,0,0
2014,7,10/19/14,JAX,24,0,0,0,0,0,0,CLE,6,0,0,0,0,0,0,0,0
2014,8,10/26/14,JAX,13,0,0,0,0,0,0,MIA,27,0,0,0,0,0,0,0,0
2014,13,11/30/14,JAX,25,0,0,0,0,0,0,NYG,24,0,0,0,0,0,0,0,0
2014,14,12/7/14,JAX,13,0,0,0,0,0,0,HOU,27,0,0,0,0,0,0,0,0
2014,16,12/18/14,JAX,21,0,0,0,0,0,0,TEN,13,0,0,0,0,0,0,0,0
2014,1,9/7/14,KAN,10,0,0,0,0,0,0,TEN,26,0,0,0,0,0,0,0,0
2014,3,9/21/14,MIA,15,0,0,0,0,0,0,KAN,34,0,0,0,0,0,0,0,0
2014,14,12/7/14,MIA,13,0,0,0,0,0,0,BAL,28,0,0,0,0,0,0,0,0
2014,17,12/28/14,MIA,24,0,0,0,0,0,0,NYJ,37,0,0,0,0,0,0,0,0
2014,2,9/14/14,MIN,7,0,0,0,0,0,0,NWE,30,0,0,0,0,0,0,0,0
2014,9,11/2/14,MIN,29,0,0,0,0,0,0,WAS,26,0,0,0,0,0,0,0,0
2014,17,12/28/14,MIN,13,0,0,0,0,0,0,CHI,9,0,0,0,0,0,0,0,0
2014,11,11/16/14,NOR,10,0,0,0,0,0,0,CIN,27,0,0,0,0,0,0,0,0
2014,14,12/7/14,NOR,10,0,0,0,0,0,0,CAR,41,0,0,0,0,0,0,0,0
2014,16,12/21/14,NOR,14,0,0,0,0,0,0,ATL,30,0,0,0,0,0,0,0,0
2014,3,9/21/14,NWE,16,0,0,0,0,0,0,OAK,9,0,0,0,0,0,0,0,0
2014,11,11/16/14,NYG,10,0,0,0,0,0,0,SFO,16,0,0,0,0,0,0,0,0
2014,17,12/28/14,NYG,26,0,0,0,0,0,0,PHI,34,0,0,0,0,0,0,0,0
2014,1,9/7/14,NYJ,19,0,0,0,0,0,0,OAK,14,0,0,0,0,0,0,0,0
2014,3,9/22/14,NYJ,19,0,0,0,0,0,0,CHI,27,0,0,0,0,0,0,0,0
2014,4,9/28/14,NYJ,17,0,0,0,0,0,0,DET,24,0,0,0,0,0,0,0,0
2014,16,12/21/14,NYJ,16,0,0,0,0,0,0,NWE,17,0,0,0,0,0,0,0,0
2014,2,9/14/14,TEN,10,0,0,0,0,0,0,DAL,26,0,0,0,0,0,0,0,0
2014,17,12/28/14,TEN,10,0,0,0,0,0,0,IND,27,0,0,0,0,0,0,0,0
2014,12,11/23/14,PHI,43,0,0,0,0,0,0,TEN,24,0,0,0,0,0,0,0,0
2014,1,9/7/14,PIT,30,0,0,0,0,0,0,CLE,27,0,0,0,0,0,0,0,0
2014,16,12/21/14,PIT,20,0,0,0,0,0,0,KAN,12,0,0,0,0,0,0,0,0
2014,2,9/14/14,OAK,14,0,0,0,0,0,0,HOU,30,0,0,0,0,0,0,0,0
2014,12,11/20/14,OAK,24,0,0,0,0,0,0,KAN,20,0,0,0,0,0,0,0,0
2014,6,10/13/14,STL,17,0,0,0,0,0,0,SFO,31,0,0,0,0,0,0,0,0
2014,11,11/16/14,STL,22,0,0,0,0,0,0,DEN,7,0,0,0,0,0,0,0,0
2014,1,9/7/14,BAL,16,0,0,0,0,0,0,CIN,23,0,0,0,0,0,0,0,0
2014,10,11/9/14,BAL,21,0,0,0,0,0,0,TEN,7,0,0,0,0,0,0,0,0
2014,15,12/14/14,BAL,20,0,0,0,0,0,0,JAX,12,0,0,0,0,0,0,0,0
2014,11,11/16/14,LAC,13,0,0,0,0,0,0,OAK,6,0,0,0,0,0,0,0,0
2014,12,11/23/14,LAC,27,0,0,0,0,0,0,STL,24,0,0,0,0,0,0,0,0
2014,14,12/7/14,LAC,14,0,0,0,0,0,0,NWE,23,0,0,0,0,0,0,0,0
2014,15,12/14/14,LAC,10,0,0,0,0,0,0,DEN,22,0,0,0,0,0,0,0,0
2014,12,11/23/14,SEA,19,0,0,0,0,0,0,ARI,3,0,0,0,0,0,0,0,0
2014,15,12/14/14,SEA,17,0,0,0,0,0,0,SFO,7,0,0,0,0,0,0,0,0
2014,2,9/14/14,SFO,20,0,0,0,0,0,0,CHI,28,0,0,0,0,0,0,0,0
2014,5,10/5/14,SFO,22,0,0,0,0,0,0,KAN,17,0,0,0,0,0,0,0,0
2014,9,11/2/14,SFO,10,0,0,0,0,0,0,STL,13,0,0,0,0,0,0,0,0
2014,12,11/23/14,SFO,17,0,0,0,0,0,0,WAS,13,0,0,0,0,0,0,0,0
2014,16,12/20/14,SFO,35,0,0,0,0,0,0,LAC,38,0,0,0,0,0,0,0,0
2014,8,10/26/14,TAM,13,0,0,0,0,0,0,MIN,19,0,0,0,0,0,0,0,0
2014,17,12/28/14,TAM,20,0,0,0,0,0,0,NOR,23,0,0,0,0,0,0,0,0
2014,4,9/25/14,WAS,14,0,0,0,0,0,0,NYG,45,0,0,0,0,0,0,0,0
2014,7,10/19/14,WAS,19,0,0,0,0,0,0,TEN,17,0,0,0,0,0,0,0,0
2014,11,11/16/14,WAS,7,0,0,0,0,0,0,TAM,27,0,0,0,0,0,0,0,0
2014,17,12/28/14,WAS,17,0,0,0,0,0,0,DAL,44,0,0,0,0,0,0,0,0
2014,17,12/28/14,ATL,3,0,0,0,0,0,0,CAR,34,0,0,0,0,0,0,0,0
2014,15,12/14/14,BUF,21,0,0,0,0,0,0,GNB,13,0,0,0,0,0,0,0,0
2014,8,10/26/14,CAR,9,0,0,0,0,0,0,SEA,13,0,0,0,0,0,0,0,0
2014,9,10/30/14,CAR,10,0,0,0,0,0,0,NOR,28,0,0,0,0,0,0,0,0
2014,8,10/26/14,CIN,27,0,0,0,0,0,0,BAL,24,0,0,0,0,0,0,0,0
2014,10,11/6/14,CIN,3,0,0,0,0,0,0,CLE,24,0,0,0,0,0,0,0,0
2014,14,12/7/14,CLE,24,0,0,0,0,0,0,IND,25,0,0,0,0,0,0,0,0
2014,15,12/14/14,CLE,0,0,0,0,0,0,0,CIN,30,0,0,0,0,0,0,0,0
2014,16,12/21/14,ARI,6,0,0,0,0,0,0,SEA,35,0,0,0,0,0,0,0,0
2014,13,11/27/14,DAL,10,0,0,0,0,0,0,PHI,33,0,0,0,0,0,0,0,0
2014,14,12/7/14,DEN,24,0,0,0,0,0,0,BUF,17,0,0,0,0,0,0,0,0
2014,3,9/21/14,DET,19,0,0,0,0,0,0,GNB,7,0,0,0,0,0,0,0,0
2014,12,11/23/14,HOU,13,0,0,0,0,0,0,CIN,22,0,0,0,0,0,0,0,0
2014,5,10/5/14,JAX,9,0,0,0,0,0,0,PIT,17,0,0,0,0,0,0,0,0
2014,10,11/9/14,JAX,17,0,0,0,0,0,0,DAL,31,0,0,0,0,0,0,0,0
2014,8,10/26/14,KAN,34,0,0,0,0,0,0,STL,7,0,0,0,0,0,0,0,0
2014,11,11/16/14,KAN,24,0,0,0,0,0,0,SEA,20,0,0,0,0,0,0,0,0
2014,17,12/28/14,KAN,19,0,0,0,0,0,0,LAC,7,0,0,0,0,0,0,0,0
2014,4,9/28/14,MIN,41,0,0,0,0,0,0,ATL,28,0,0,0,0,0,0,0,0
2014,6,10/12/14,MIN,3,0,0,0,0,0,0,DET,17,0,0,0,0,0,0,0,0
2014,17,12/28/14,NWE,9,0,0,0,0,0,0,BUF,17,0,0,0,0,0,0,0,0
2014,8,10/26/14,NYJ,23,0,0,0,0,0,0,BUF,43,0,0,0,0,0,0,0,0
2014,13,12/1/14,NYJ,13,0,0,0,0,0,0,MIA,16,0,0,0,0,0,0,0,0
2014,6,10/12/14,TEN,16,0,0,0,0,0,0,JAX,14,0,0,0,0,0,0,0,0
2014,14,12/7/14,TEN,7,0,0,0,0,0,0,NYG,36,0,0,0,0,0,0,0,0
2014,15,12/14/14,TEN,11,0,0,0,0,0,0,NYJ,16,0,0,0,0,0,0,0,0
2014,15,12/14/14,PHI,27,0,0,0,0,0,0,DAL,38,0,0,0,0,0,0,0,0
2014,7,10/19/14,OAK,13,0,0,0,0,0,0,ARI,24,0,0,0,0,0,0,0,0
2014,1,9/7/14,STL,6,0,0,0,0,0,0,MIN,34,0,0,0,0,0,0,0,0
2014,15,12/11/14,STL,6,0,0,0,0,0,0,ARI,12,0,0,0,0,0,0,0,0
2014,6,10/12/14,SEA,23,0,0,0,0,0,0,DAL,30,0,0,0,0,0,0,0,0
2014,9,11/2/14,SEA,30,0,0,0,0,0,0,OAK,24,0,0,0,0,0,0,0,0
2014,10,11/9/14,SEA,38,0,0,0,0,0,0,NYG,17,0,0,0,0,0,0,0,0
2014,17,12/28/14,SEA,20,0,0,0,0,0,0,STL,6,0,0,0,0,0,0,0,0
2014,13,11/27/14,SFO,3,0,0,0,0,0,0,SEA,19,0,0,0,0,0,0,0,0
2014,2,9/14/14,TAM,17,0,0,0,0,0,0,STL,19,0,0,0,0,0,0,0,0
2014,13,11/30/14,TAM,13,0,0,0,0,0,0,CIN,14,0,0,0,0,0,0,0,0
2014,16,12/21/14,TAM,3,0,0,0,0,0,0,GNB,20,0,0,0,0,0,0,0,0
2014,14,12/7/14,WAS,0,0,0,0,0,0,0,STL,24,0,0,0,0,0,0,0,0
2014,16,12/20/14,WAS,27,0,0,0,0,0,0,PHI,24,0,0,0,0,0,0,0,0
2015,1,9/10/15,NWE,28,-2.5,-7.5,-290,1.34,-350,1.29,PIT,21,2.5,7.5,256,3.56,305,4.05,48.5,51
2015,1,9/13/15,HOU,20,-1.5,1,-113,1.88,-105,1.95,KAN,27,1.5,-1,102,2.02,-105,1.95,42,41
2015,1,9/13/15,BUF,27,1.5,1,121,2.21,-101,1.99,IND,14,-1.5,-1,-134,1.75,-109,1.92,47,44.5
2015,1,9/13/15,CHI,23,4.5,5.5,231,3.31,222,3.22,GNB,31,-4.5,-5.5,-260,1.38,-250,1.4,50,48.5
2015,1,9/13/15,JAX,9,4,3,146,2.46,131,2.31,CAR,20,-4,-3,-162,1.62,-145,1.69,42.5,41
2015,1,9/13/15,NYJ,31,-2.5,-3.5,-144,1.69,-185,1.54,CLE,10,2.5,3.5,130,2.3,166,2.66,41,39
2015,1,9/13/15,WAS,10,1.5,4,162,2.62,181,2.81,MIA,17,-1.5,-4,-180,1.56,-202,1.5,44,45.5
2015,1,9/13/15,LAR,34,3,3.5,162,2.62,159,2.59,SEA,31,-3,-3.5,-180,1.56,-177,1.56,43,41.5
2015,1,9/13/15,LAC,33,-1.5,-3.5,-150,1.67,-180,1.56,DET,28,1.5,3.5,136,2.36,162,2.62,45.5,45.5
2015,1,9/13/15,ARI,31,-2.5,-2,-130,1.77,-130,1.77,NOR,19,2.5,2,118,2.18,118,2.18,47,48.5
2015,1,9/13/15,OAK,13,3.5,3,146,2.46,136,2.36,CIN,33,-3.5,-3,-162,1.62,-150,1.67,44,43
2015,1,9/13/15,DEN,19,-4.5,-4.5,-210,1.48,-220,1.45,BAL,13,4.5,4.5,188,2.88,197,2.97,52,46.5
2015,1,9/13/15,TAM,14,-3,-3,-166,1.6,-155,1.65,TEN,42,3,3,150,2.5,140,2.4,42,40.5
2015,1,9/13/15,DAL,27,-5,-7,-220,1.45,-302,1.33,NYG,26,5,7,197,2.97,266,3.66,49.5,52
2015,1,9/14/15,ATL,26,1,3.5,123,2.23,159,2.59,PHI,24,-1,-3.5,-136,1.74,-177,1.56,53,55
2015,1,9/14/15,SFO,20,-4,2.5,118,2.18,140,2.4,MIN,3,4,-2.5,-130,1.77,-155,1.65,41,42.5
2015,2,9/17/15,KAN,24,-2.5,-3,-167,1.6,-162,1.62,DEN,31,2.5,3,151,2.51,146,2.46,44.5,42
2015,2,9/20/15,MIN,26,-3,-2.5,-150,1.67,-143,1.7,DET,16,3,2.5,136,2.36,129,2.29,44,44
2015,2,9/20/15,CHI,23,1.5,2,109,2.09,108,2.08,ARI,48,-1.5,-2,-120,1.83,-119,1.84,44.5,45.5
2015,2,9/20/15,CLE,28,-2.5,-1,-117,1.85,-113,1.88,TEN,14,2.5,1,106,2.06,102,2.02,41.5,41
2015,2,9/20/15,BUF,32,0,-2,102,2.02,-124,1.81,NWE,40,0,2,-113,1.88,112,2.12,45.5,45
2015,2,9/20/15,CAR,24,-4,-3,-159,1.63,-143,1.7,HOU,17,4,3,144,2.44,129,2.29,40.5,41
2015,2,9/20/15,PIT,43,-6.5,-6,-224,1.45,-247,1.4,SFO,18,6.5,6,200,3,220,3.2,44,46
2015,2,9/20/15,CIN,24,-3.5,-3.5,-167,1.6,-173,1.58,LAC,19,3.5,3.5,151,2.51,156,2.56,45.5,47.5
2015,2,9/20/15,WAS,24,3,3,155,2.55,159,2.59,LAR,10,-3,-3,-172,1.58,-177,1.56,42,41
2015,2,9/20/15,NYG,20,-2,-2,-134,1.75,-123,1.81,ATL,24,2,2,121,2.21,111,2.11,51,49.5
2015,2,9/20/15,NOR,19,-10.5,-9.5,-460,1.22,-410,1.24,TAM,26,10.5,9.5,393,4.93,354,4.54,48.5,47
2015,2,9/20/15,OAK,37,6,6,231,3.31,226,3.26,BAL,33,-6,-6,-270,1.37,-254,1.39,43,42
2015,2,9/20/15,JAX,23,6,5,222,3.22,205,3.05,MIA,20,-6,-5,-250,1.4,-230,1.43,41.5,42.5
2015,2,9/20/15,PHI,10,-5,-7,-220,1.45,-285,1.35,DAL,20,5,7,197,2.97,252,3.52,55,53
2015,2,9/20/15,GNB,27,-3,-3.5,-190,1.53,-185,1.54,SEA,17,3,3.5,171,2.71,166,2.66,49,49
2015,2,9/21/15,IND,7,-7,-6,-290,1.34,-240,1.42,NYJ,20,7,6,256,3.56,214,3.14,47,45.5
2015,3,9/24/15,NYG,32,-4,-3,-203,1.49,-167,1.6,WAS,21,4,3,182,2.82,151,2.51,45,45
2015,3,9/27/15,MIN,31,-3,-2.5,-134,1.75,-123,1.81,LAC,14,3,2.5,121,2.21,111,2.11,45,45.5
2015,3,9/27/15,CLE,20,-4,-3.5,-195,1.51,-177,1.56,OAK,27,4,3.5,175,2.75,159,2.59,41.5,43.5
2015,3,9/27/15,BAL,24,-2.5,-2.5,-140,1.71,-138,1.72,CIN,28,2.5,2.5,127,2.27,125,2.25,44.5,45.5
2015,3,9/27/15,CAR,27,-3,-10,-360,1.28,-400,1.25,NOR,22,3,10,314,4.14,346,4.46,44,43
2015,3,9/27/15,DAL,28,0,-1,101,2.01,-115,1.87,ATL,39,0,1,-111,1.9,104,2.04,44,43.5
2015,3,9/27/15,HOU,19,-7,-6,-275,1.36,-253,1.4,TAM,9,7,6,244,3.44,225,3.25,40,41
2015,3,9/27/15,TEN,33,4,3,162,2.62,156,2.56,IND,35,-4,-3,-180,1.56,-173,1.58,45,46.5
2015,3,9/27/15,LAR,6,-1,-1.5,104,2.04,-123,1.81,PIT,12,1,1.5,-115,1.87,111,2.11,47,48.5
2015,3,9/27/15,NWE,51,-13,-14.5,-1050,1.1,-1300,1.08,JAX,17,13,14.5,798,8.98,944,10.44,48,48.5
2015,3,9/27/15,NYJ,17,0,-3,-133,1.75,-162,1.62,PHI,24,0,3,120,2.2,146,2.46,47.5,47
2015,3,9/27/15,ARI,47,-6.5,-7,-265,1.38,-301,1.33,SFO,7,6.5,7,235,3.35,265,3.65,44,45
2015,3,9/27/15,SEA,26,-14.5,-16.5,-1300,1.08,-1300,1.08,CHI,0,14.5,16.5,944,10.44,944,10.44,45,43.5
2015,3,9/27/15,MIA,14,-3,-1,-148,1.68,-107,1.93,BUF,41,3,1,134,2.34,-103,1.97,44,43.5
2015,3,9/27/15,DET,12,3,3,155,2.55,125,2.25,DEN,24,-3,-3,-1722,1.06,-138,1.72,44.5,45
2015,3,9/28/15,GNB,38,-6.5,-4.5,-295,1.34,-225,1.44,KAN,28,6.5,4.5,260,3.6,201,3.01,48,47
2015,4,10/1/15,PIT,20,0,3,124,2.24,131,2.31,BAL,23,0,-3,-137,1.73,-145,1.69,46.5,44
2015,4,10/4/15,MIA,14,-1,2.5,113,2.13,121,2.21,NYJ,27,1,-2.5,-125,1.8,-134,1.75,41,42
2015,4,10/4/15,CHI,22,2.5,3,140,2.4,159,2.59,OAK,20,-2.5,-3,-155,1.65,-177,1.56,44.5,44.5
2015,4,10/4/15,ATL,48,-4,-4,-267,1.37,-202,1.5,HOU,21,4,4,237,3.37,181,2.81,46,47.5
2015,4,10/4/15,BUF,10,-5.5,-6,-250,1.4,-242,1.41,NYG,24,5.5,6,222,3.22,216,3.16,47,46.5
2015,4,10/4/15,IND,16,-8.5,-4,-425,1.24,-199,1.5,JAX,13,8.5,4,365,4.65,179,2.79,47,43
2015,4,10/4/15,CIN,36,-4,-3.5,-195,1.51,-177,1.56,KAN,21,4,3.5,175,2.75,159,2.59,44,45
2015,4,10/4/15,WAS,23,2.5,3,149,2.49,135,2.35,PHI,20,-2.5,-3,-165,1.61,-149,1.67,48,46
2015,4,10/4/15,TAM,23,3,3,145,2.45,131,2.31,CAR,37,-3,-3,-161,1.62,-145,1.69,39.5,40
2015,4,10/4/15,LAC,30,-7,-4.5,-363,1.28,-230,1.43,CLE,27,7,4.5,316,4.16,205,3.05,44.5,44.5
2015,4,10/4/15,ARI,22,-6.5,-7,-285,1.35,-285,1.35,LAR,24,6.5,7,252,3.52,252,3.52,43,43.5
2015,4,10/4/15,DEN,23,-6.5,-7,-275,1.36,-286,1.35,MIN,20,6.5,7,244,3.44,253,3.53,43.5,43.5
2015,4,10/4/15,SFO,3,8.5,7.5,305,4.05,281,3.81,GNB,17,-8.5,-7.5,-350,1.29,-320,1.31,47.5,48
2015,4,10/4/15,NOR,26,-3.5,-3,-177,1.56,-143,1.7,DAL,20,3.5,3,159,2.59,129,2.29,47,48
2015,4,10/5/15,SEA,13,-10,-10,-444,1.23,-470,1.21,DET,10,10,10,380,4.8,400,5,42.5,43
2015,5,10/8/15,HOU,20,0,-4.5,-133,1.75,-209,1.48,IND,27,0,4.5,120,2.2,187,2.87,44.5,40.5
2015,5,10/11/15,BAL,30,-6.5,-6,-255,1.39,-255,1.39,CLE,33,6.5,6,227,3.27,227,3.27,44,43
2015,5,10/11/15,GNB,24,-10,-8.5,-430,1.23,-370,1.27,LAR,10,10,8.5,369,4.69,322,4.22,47.5,45
2015,5,10/11/15,TEN,13,3,-1,126,2.26,-110,1.91,BUF,14,-3,1,-139,1.72,100,2,44.5,43
2015,5,10/11/15,PHI,39,-5,-6.5,-236,1.42,-277,1.36,NOR,17,5,6.5,211,3.11,245,3.45,48,49.5
2015,5,10/11/15,ATL,25,-8,-7.5,-330,1.3,-325,1.31,WAS,19,8,7.5,289,3.89,285,3.85,47.5,48.5
2015,5,10/11/15,CIN,27,-2.5,-3,-150,1.67,-145,1.69,SEA,24,2.5,3,136,2.36,131,2.31,44,44.5
2015,5,10/11/15,KAN,17,-10,-10,-425,1.24,-420,1.24,CHI,18,10,10,365,4.65,361,4.61,47,44
2015,5,10/11/15,TAM,38,3,-1,-147,1.68,-115,1.87,JAX,31,-3,1,133,2.33,104,2.04,43,41
2015,5,10/11/15,DET,17,2.5,4.5,126,2.26,181,2.81,ARI,42,-2.5,-4.5,-139,1.72,-202,1.5,44.5,46
2015,5,10/11/15,DAL,6,7.5,8,346,4.46,305,4.05,NWE,30,-7.5,-8,-400,1.25,-350,1.29,49,51
2015,5,10/11/15,OAK,10,5.5,5,188,2.88,201,3.01,DEN,16,-5.5,-5,-210,1.48,-225,1.44,43.5,44.5
2015,5,10/11/15,NYG,30,-7,-7.5,-300,1.33,-350,1.29,SFO,27,7,7.5,264,3.64,305,4.05,43,43.5
2015,5,10/12/15,LAC,20,-3,-3.5,-169,1.59,-180,1.56,PIT,24,3,3.5,152,2.52,162,2.62,44.5,45.5
2015,6,10/15/15,NOR,31,3,3,148,2.48,134,2.34,ATL,21,-3,-3,-164,1.61,-148,1.68,51.5,52
2015,6,10/18/15,CLE,23,4.5,3.5,174,2.74,148,2.48,DEN,26,-4.5,-3.5,-194,1.52,-164,1.61,42.5,41.5
2015,6,10/18/15,DET,37,-3.5,-3.5,-150,1.67,-202,1.5,CHI,34,3.5,3.5,136,2.36,181,2.81,44,45
2015,6,10/18/15,JAX,20,-1,-2.5,-113,1.88,-155,1.65,HOU,31,1,2.5,102,2.02,140,2.4,42.5,43.5
2015,6,10/18/15,BUF,21,-1,3,128,2.28,141,2.41,CIN,34,1,-3,-141,1.71,-156,1.64,45,42.5
2015,6,10/18/15,NYJ,34,-5.5,-7.5,-235,1.43,-350,1.29,WAS,20,5.5,7.5,210,3.1,305,4.05,41.5,39.5
2015,6,10/18/15,MIN,16,-3.5,-3.5,-200,1.5,-162,1.62,KAN,10,3.5,3.5,180,2.8,146,2.46,44.5,43
2015,6,10/18/15,PIT,25,3,5.5,141,2.41,205,3.05,ARI,13,-3,-5.5,-156,1.64,-230,1.43,44,45
2015,6,10/18/15,TEN,10,-2.5,-2.5,-133,1.75,-130,1.77,MIA,38,2.5,2.5,120,2.2,118,2.18,44.5,44
2015,6,10/18/15,SEA,23,-5.5,-7,-290,1.34,-307,1.33,CAR,27,5.5,7,256,3.56,270,3.7,42,41
2015,6,10/18/15,SFO,25,3,2.5,118,2.18,126,2.26,BAL,20,-3,-2.5,-130,1.77,-139,1.72,44,43.5
2015,6,10/18/15,GNB,27,-9.5,-10.5,-515,1.19,-520,1.19,LAC,20,9.5,10.5,435,5.35,439,5.39,50,50
2015,6,10/18/15,IND,27,7,8,285,3.85,293,3.93,NWE,34,-7,-8,-325,1.31,-335,1.3,55,53.5
2015,6,10/19/15,PHI,27,-3.5,-3.5,-195,1.51,-202,1.5,NYG,7,3.5,3.5,175,2.75,181,2.81,50,50.5
2015,7,10/22/15,SFO,3,4.5,6.5,205,3.05,239,3.39,SEA,20,-4.5,-6.5,-230,1.43,-270,1.37,41.5,41.5
2015,7,10/25/15,JAX,34,4.5,3.5,210,3.1,153,2.53,BUF,31,-4.5,-3.5,-235,1.43,-170,1.59,42,41
2015,7,10/25/15,KAN,23,-2,-4,-152,1.66,-208,1.48,PIT,13,2,4,137,2.37,186,2.86,43,41.5
2015,7,10/25/15,MIA,44,-5,-4.5,-207,1.48,-218,1.46,HOU,26,5,4.5,186,2.86,195,2.95,43,46.5
2015,7,10/25/15,TEN,7,3.5,5.5,214,3.14,205,3.05,ATL,10,-3.5,-5.5,-240,1.42,-230,1.43,47.5,45.5
2015,7,10/25/15,DET,19,1.5,-1,131,2.31,-115,1.87,MIN,28,-1.5,1,-145,1.69,104,2.04,44.5,44.5
2015,7,10/25/15,IND,21,-6,-5.5,-223,1.45,-236,1.42,NOR,27,6,5.5,199,2.99,211,3.11,52.5,52.5
2015,7,10/25/15,NWE,30,-10,-7,-425,1.24,-300,1.33,NYJ,23,10,7,365,4.65,264,3.64,49,47
2015,7,10/25/15,LAR,24,-5.5,-6.5,-220,1.45,-276,1.36,CLE,6,5.5,6.5,197,2.97,244,3.44,42.5,43.5
2015,7,10/25/15,WAS,31,-3.5,-3,-185,1.54,-150,1.67,TAM,30,3.5,3,166,2.66,136,2.36,44,42
2015,7,10/25/15,LAC,29,-5,-3.5,-207,1.48,-190,1.53,OAK,37,5,3.5,186,2.86,171,2.71,47,48
2015,7,10/25/15,NYG,27,-5,-3,-166,1.6,-155,1.65,DAL,20,5,3,150,2.5,140,2.4,45.5,44.5
2015,7,10/25/15,CAR,27,-3.5,-3,-167,1.6,-137,1.73,PHI,16,3.5,3,151,2.51,124,2.24,46.5,46
2015,7,10/26/15,ARI,26,-7.5,-10,-335,1.3,-455,1.22,BAL,18,7.5,10,293,3.93,389,4.89,48.5,49.5
2015,8,10/29/15,NWE,36,-8.5,-8,-380,1.26,-425,1.24,MIA,7,8.5,8,330,4.3,365,4.65,52,51
2015,8,11/1/15,KAN,45,-6,-3,-213,1.47,-170,1.59,DET,10,6,3,191,2.91,153,2.53,45.5,45
2015,8,11/1/15,CHI,20,2.5,1,-116,1.86,106,2.06,MIN,23,-2.5,-1,105,2.05,-117,1.85,42,43.5
2015,8,11/1/15,CLE,20,5,7,199,2.99,271,3.71,ARI,34,-5,-7,-223,1.45,-308,1.32,46,46
2015,8,11/1/15,BAL,29,-3,-4.5,-170,1.59,-208,1.48,LAC,26,3,4.5,153,2.53,186,2.86,50,50
2015,8,11/1/15,NOR,52,-3.5,-3,-168,1.6,-167,1.6,NYG,49,3.5,3,152,2.52,151,2.51,49,51.5
2015,8,11/1/15,HOU,20,-4.5,-3.5,-202,1.5,-185,1.54,TEN,6,4.5,3.5,181,2.81,166,2.66,43.5,43
2015,8,11/1/15,PIT,10,1.5,-1,111,2.11,-117,1.85,CIN,16,-1.5,1,-123,1.81,106,2.06,48.5,49
2015,8,11/1/15,LAR,27,-8,-8,-390,1.26,-400,1.25,SFO,6,8,8,338,4.38,346,4.46,39.5,41
2015,8,11/1/15,ATL,20,-7.5,-8,-315,1.32,-400,1.25,TAM,23,7.5,8,277,3.77,346,4.46,49,47.5
2015,8,11/1/15,OAK,34,2.5,3,116,2.16,153,2.53,NYJ,20,-2.5,-3,-128,1.78,-170,1.59,44,43.5
2015,8,11/1/15,DAL,12,5.5,4.5,222,3.22,186,2.86,SEA,13,-5.5,-4.5,-250,1.4,-208,1.48,40.5,41.5
2015,8,11/1/15,DEN,29,2.5,2.5,136,2.36,120,2.2,GNB,10,-2.5,-2.5,-150,1.67,-133,1.75,43,46
2015,8,11/2/15,CAR,29,-6.5,-5,-280,1.36,-220,1.45,IND,26,6.5,5,248,3.48,197,2.97,45,44.5
2015,9,11/5/15,CIN,31,-10.5,-13,-475,1.21,-850,1.12,CLE,10,10.5,13,404,5.04,671,7.71,47,45.5
2015,9,11/8/15,PIT,38,-6,-6,-208,1.48,-260,1.38,OAK,35,6,6,186,2.86,231,3.31,48,47.5
2015,9,11/8/15,CAR,37,2.5,2,129,2.29,109,2.09,GNB,29,-2.5,-2,-142,1.7,-120,1.83,46.5,45.5
2015,9,11/8/15,NWE,27,-14,-13.5,-1150,1.09,-1100,1.09,WAS,10,14,13.5,858,9.58,828,9.28,52,51.5
2015,9,11/8/15,NOR,28,-7.5,-7,-415,1.24,-300,1.33,TEN,34,7.5,7,358,4.58,264,3.64,48,50
2015,9,11/8/15,NYJ,28,-7.5,-7.5,-330,1.3,-335,1.3,JAX,23,7.5,7.5,289,3.89,293,3.93,43.5,42
2015,9,11/8/15,MIN,21,-2.5,-2,-139,1.72,-123,1.81,LAR,18,2.5,2,126,2.26,111,2.11,40.5,40
2015,9,11/8/15,BUF,33,-3,-4,-150,1.67,-202,1.5,MIA,17,3,4,136,2.36,181,2.81,45,44
2015,9,11/8/15,SFO,17,4,9.5,254,3.54,361,4.61,ATL,16,-4,-9.5,-288,1.35,-420,1.24,44.5,43.5
2015,9,11/8/15,TAM,18,2.5,1.5,120,2.2,104,2.04,NYG,32,-2.5,-1.5,-132,1.76,-115,1.87,47,49
2015,9,11/8/15,IND,27,3,3.5,197,2.97,153,2.53,DEN,24,-3,-3.5,-220,1.45,-170,1.59,45,45
2015,9,11/8/15,DAL,27,2.5,3,126,2.26,153,2.53,PHI,33,-2.5,-3,-139,1.72,-170,1.59,44.5,43.5
2015,9,11/9/15,LAC,19,-4,-3.5,-195,1.51,-179,1.56,CHI,22,4,3.5,175,2.75,161,2.61,51.5,49
2015,10,11/12/15,NYJ,17,-3,-2.5,-140,1.71,-126,1.79,BUF,22,3,2.5,127,2.27,114,2.14,44,41.5
2015,10,11/15/15,GNB,16,-13,-10.5,-600,1.17,-590,1.17,DET,18,13,10.5,498,5.98,491,5.91,47.5,50
2015,10,11/15/15,BAL,20,-6.5,-4,-228,1.44,-208,1.48,JAX,22,6.5,4,204,3.04,186,2.86,49,47
2015,10,11/15/15,LAR,13,-8,-7.5,-315,1.32,-373,1.27,CHI,37,8,7.5,277,3.77,324,4.24,42.5,42
2015,10,11/15/15,PIT,30,-4.5,-7,-215,1.47,-308,1.32,CLE,9,4.5,7,193,2.93,271,3.71,41,43.5
2015,10,11/15/15,TEN,10,4,3.5,188,2.88,175,2.75,CAR,27,-4,-3.5,-210,1.48,-195,1.51,42,42.5
2015,10,11/15/15,WAS,47,0,1,-102,1.98,102,2.02,NOR,14,0,-1,-108,1.93,-113,1.88,51,52
2015,10,11/15/15,TAM,10,-1,1,-124,1.81,-101,1.99,DAL,6,1,-1,112,2.12,-109,1.92,43,43.5
2015,10,11/15/15,PHI,19,-6.5,-5.5,-255,1.39,-230,1.43,MIA,20,6.5,5.5,227,3.27,205,3.05,46.5,49
2015,10,11/15/15,OAK,14,-2.5,-3,-150,1.67,-164,1.61,MIN,30,2.5,3,136,2.36,148,2.48,43,44
2015,10,11/15/15,DEN,13,-7,-4,-270,1.37,-202,1.5,KAN,29,7,4,239,3.39,181,2.81,42.5,42
2015,10,11/15/15,NYG,26,7.5,7,277,3.77,281,3.81,NWE,27,-7.5,-7,-315,1.32,-320,1.31,55,52.5
2015,10,11/15/15,SEA,32,-3,-3,-160,1.63,-143,1.7,ARI,39,3,3,144,2.44,129,2.29,45.5,43.5
2015,10,11/16/15,CIN,6,-11,-10,-525,1.19,-470,1.21,HOU,10,11,10,442,5.42,400,5,47,46.5
2015,11,11/19/15,JAX,19,-3,-3,-134,1.75,-140,1.71,TEN,13,3,3,121,2.21,127,2.27,44.5,41.5
2015,11,11/22/15,BAL,16,1,-3,-116,1.86,-149,1.67,LAR,13,-1,3,105,2.05,135,2.35,43,41
2015,11,11/22/15,CAR,44,-7.5,-7,-315,1.32,-315,1.32,WAS,16,7.5,7,277,3.77,277,3.77,45.5,44
2015,11,11/22/15,CHI,15,2,2.5,-116,1.86,111,2.11,DEN,17,-2,-2.5,105,2.05,-123,1.81,43,41.5
2015,11,11/22/15,DET,18,1,2,111,2.11,115,2.15,OAK,13,-1,-2,-123,1.81,-127,1.79,47.5,50
2015,11,11/22/15,MIN,13,1,1,-117,1.85,102,2.02,GNB,30,-1,-1,106,2.06,-113,1.88,45,45
2015,11,11/22/15,ATL,21,-6,-3.5,-235,1.43,-180,1.56,IND,24,6,3.5,210,3.1,162,2.62,47,47.5
2015,11,11/22/15,MIA,14,1.5,2.5,-106,1.94,121,2.21,DAL,24,-1.5,-2.5,-104,1.96,-134,1.75,46,45
2015,11,11/22/15,PHI,17,-6,-7,-233,1.43,-307,1.33,TAM,45,6,7,208,3.08,270,3.7,45,46
2015,11,11/22/15,HOU,24,3,4,153,2.53,179,2.79,NYJ,17,-3,-4,-170,1.59,-199,1.5,40,40
2015,11,11/22/15,ARI,34,-3.5,-4,-217,1.46,-199,1.5,CIN,31,3.5,4,194,2.94,179,2.79,47,48
2015,11,11/22/15,SEA,29,-12,-14,-900,1.11,-1065,1.09,SFO,13,12,14,704,8.04,807,9.07,40.5,40
2015,11,11/22/15,LAC,3,3.5,3,139,2.39,152,2.52,KAN,33,-3.5,-3,-154,1.65,-168,1.6,45.5,45.5
2015,11,11/23/15,NWE,20,-7.5,-7,-330,1.3,-345,1.29,BUF,13,7.5,7,289,3.89,301,4.01,49.5,47.5
2015,12,11/26/15,DET,45,1,-3,-102,1.98,-150,1.67,PHI,14,-1,3,-108,1.93,136,2.36,46.5,46.5
2015,12,11/26/15,DAL,14,-1.5,1,106,2.06,102,2.02,CAR,33,1.5,-1,-117,1.85,-113,1.88,46,44.5
2015,12,11/26/15,GNB,13,-8,-7.5,-420,1.24,-410,1.24,CHI,17,8,7.5,361,4.61,354,4.54,48,45
2015,12,11/29/15,HOU,24,-3,-3.5,-162,1.62,-198,1.51,NOR,6,3,3.5,146,2.46,178,2.78,48,50.5
2015,12,11/29/15,KAN,30,-6,-4.5,-250,1.4,-218,1.46,BUF,22,6,4.5,222,3.22,195,2.95,42,41
2015,12,11/29/15,JAX,25,-5,-5,-205,1.49,-242,1.41,LAC,31,5,5,184,2.84,216,3.16,45,47
2015,12,11/29/15,ATL,10,-2.5,-2,-121,1.83,-128,1.78,MIN,20,2.5,2,110,2.1,116,2.16,45,45
2015,12,11/29/15,NYJ,38,-3.5,-4.5,-175,1.57,-213,1.47,MIA,20,3.5,4.5,158,2.58,191,2.91,43,44
2015,12,11/29/15,WAS,20,1,1,121,2.21,-101,1.99,NYG,14,-1,-1,-134,1.75,-109,1.92,46.5,47.5
2015,12,11/29/15,TEN,21,2,1,110,2.1,103,2.03,OAK,24,-2,-1,-121,1.83,-114,1.88,45,45
2015,12,11/29/15,CIN,31,-9,-10.5,-410,1.24,-420,1.24,LAR,7,9,10.5,354,4.54,361,4.61,42,42
2015,12,11/29/15,IND,25,-3,-3,-170,1.59,-133,1.75,TAM,12,3,3,153,2.53,120,2.2,46.5,46.5
2015,12,11/29/15,SFO,13,10.5,7.5,423,5.23,318,4.18,ARI,19,-10.5,-7.5,-500,1.2,-365,1.27,44.5,45
2015,12,11/29/15,SEA,39,-4,-3,-213,1.47,-139,1.72,PIT,30,4,3,191,2.91,126,2.26,44.5,46.5
2015,12,11/29/15,DEN,30,5,2.5,140,2.4,120,2.2,NWE,24,-5,-2.5,-155,1.65,-133,1.75,46,43
2015,12,11/30/15,CLE,27,-1,-6,-137,1.73,-260,1.38,BAL,33,1,6,124,2.24,231,3.31,42,41
2015,13,12/3/15,DET,23,5.5,2.5,136,2.36,110,2.1,GNB,27,-5.5,-2.5,-150,1.67,-121,1.83,46,46
2015,13,12/6/15,MIN,7,1,2.5,-102,1.98,131,2.31,SEA,38,-1,-2.5,-108,1.93,-145,1.69,42,43
2015,13,12/6/15,CLE,3,10,7.5,393,4.93,281,3.81,CIN,37,-10,-7.5,-460,1.22,-320,1.31,43.5,44
2015,13,12/6/15,MIA,15,-4.5,-3.5,-190,1.53,-173,1.58,BAL,13,4.5,3.5,171,2.71,156,2.56,43.5,43
2015,13,12/6/15,BUF,30,-3.5,-3,-164,1.61,-143,1.7,HOU,21,3.5,3,148,2.48,129,2.29,41.5,42
2015,13,12/6/15,CHI,20,-7,-6,-290,1.34,-250,1.4,SFO,26,7,6,256,3.56,222,3.22,41.5,43
2015,13,12/6/15,TEN,42,-2.5,-3,-133,1.75,-139,1.72,JAX,39,2.5,3,120,2.2,126,2.26,43,43.5
2015,13,12/6/15,TAM,23,-2.5,-1,-121,1.83,-115,1.87,ATL,19,2.5,1,110,2.1,104,2.04,45.5,46.5
2015,13,12/6/15,LAR,3,5.5,3.5,221,3.21,162,2.62,ARI,27,-5.5,-3.5,-248,1.4,-180,1.56,44,43
2015,13,12/6/15,NYG,20,1,2,116,2.16,111,2.11,NYJ,23,-1,-2,-128,1.78,-123,1.81,45,45.5
2015,13,12/6/15,NOR,38,6.5,5.5,264,3.64,201,3.01,CAR,41,-6.5,-5.5,-300,1.33,-225,1.44,49.5,50.5
2015,13,12/6/15,LAC,3,4,6,193,2.93,205,3.05,DEN,17,-4,-6,-215,1.47,-230,1.43,43,45
2015,13,12/6/15,OAK,20,3,3,129,2.29,141,2.41,KAN,34,-3,-3,-142,1.7,-156,1.64,44,45.5
2015,13,12/6/15,NWE,28,-10,-9.5,-500,1.2,-420,1.24,PHI,35,10,9.5,423,5.23,361,4.61,48.5,49.5
2015,13,12/6/15,PIT,45,-7,-10,-295,1.34,-450,1.22,IND,10,7,10,260,3.6,385,4.85,47.5,50.5
2015,13,12/7/15,WAS,16,-4,-2,-215,1.47,-119,1.84,DAL,19,4,2,193,2.93,108,2.08,42,43
2015,14,12/10/15,ARI,23,-7.5,-10,-330,1.3,-450,1.22,MIN,20,7.5,10,289,3.89,385,4.85,45,46.5
2015,14,12/13/15,CAR,30,-7.5,-8.5,-355,1.28,-370,1.27,ATL,0,7.5,8.5,310,4.1,322,4.22,47,45.5
2015,14,12/13/15,PHI,23,-2,-1,106,2.06,-113,1.88,BUF,20,2,1,-117,1.85,102,2.02,46.5,48
2015,14,12/13/15,HOU,6,3.5,4,144,2.44,181,2.81,NWE,27,-3.5,-4,-160,1.63,-202,1.5,45,46
2015,14,12/13/15,CIN,20,-3,-1,-141,1.71,-107,1.93,PIT,33,3,1,128,2.28,-103,1.97,47.5,49
2015,14,12/13/15,CHI,21,-3.5,-4,-177,1.56,-208,1.48,WAS,24,3.5,4,159,2.59,186,2.86,43.5,42.5
2015,14,12/13/15,CLE,24,-1.5,-2.5,-119,1.84,-131,1.76,SFO,10,1.5,2.5,108,2.08,119,2.19,40.5,43
2015,14,12/13/15,JAX,51,1.5,-1,-113,1.88,-113,1.88,IND,16,-1.5,1,102,2.02,102,2.02,44.5,45.5
2015,14,12/13/15,KAN,10,-10.5,-11.5,-485,1.21,-580,1.17,LAC,3,10.5,11.5,412,5.12,483,5.83,46.5,42
2015,14,12/13/15,NYJ,30,-7.5,-8,-317,1.32,-340,1.29,TEN,8,7.5,8,279,3.79,297,3.97,43.5,43
2015,14,12/13/15,LAR,21,-1,3,-110,1.91,140,2.4,DET,14,1,-3,100,2,-155,1.65,41.5,41.5
2015,14,12/13/15,TAM,17,-3.5,-6,-188,1.53,-247,1.4,NOR,24,3.5,6,169,2.69,220,3.2,51,52
2015,14,12/13/15,DEN,12,-7.5,-6,-330,1.3,-265,1.38,OAK,15,7.5,6,289,3.89,235,3.35,44.5,43
2015,14,12/13/15,GNB,28,-7.5,-6,-315,1.32,-272,1.37,DAL,7,7.5,6,277,3.77,241,3.41,43,43
2015,14,12/13/15,BAL,6,10.5,10.5,498,5.98,369,4.69,SEA,35,-10.5,-10.5,-600,1.17,-430,1.23,43,42
2015,14,12/14/15,MIA,24,0,2.5,106,2.06,111,2.11,NYG,31,0,-2.5,-117,1.85,-123,1.81,47,47.5
2015,15,12/17/15,LAR,31,1,-1,-117,1.85,-105,1.95,TAM,23,-1,1,106,2.06,-105,1.95,41,41
2015,15,12/19/15,DAL,16,3,3,143,2.43,137,2.37,NYJ,19,-3,-3,-158,1.63,-152,1.66,42,41
2015,15,12/20/15,NYG,35,3.5,4.5,193,2.93,186,2.86,CAR,38,-3.5,-4.5,-215,1.47,-208,1.48,47.5,46.5
2015,15,12/20/15,NWE,33,-14,-14.5,-1250,1.08,-1000,1.1,TEN,16,14,14.5,916,10.16,767,8.67,46.5,48
2015,15,12/20/15,BAL,14,7,6.5,293,3.93,231,3.31,KAN,34,-7,-6.5,-335,1.3,-260,1.38,43,41
2015,15,12/20/15,JAX,17,-3.5,-2,-169,1.59,-125,1.8,ATL,23,3.5,2,152,2.52,113,2.13,47,47.5
2015,15,12/20/15,MIN,38,-5,-4,-233,1.43,-196,1.51,CHI,17,5,4,208,3.08,176,2.76,43,43.5
2015,15,12/20/15,IND,10,0,-2.5,-125,1.8,-133,1.75,HOU,16,0,2.5,113,2.13,120,2.2,41,42
2015,15,12/20/15,PHI,17,3.5,3.5,162,2.62,156,2.56,ARI,40,-3.5,-3.5,-180,1.56,-173,1.58,50.5,50.5
2015,15,12/20/15,WAS,35,-1,2.5,103,2.03,111,2.11,BUF,25,1,-2.5,-114,1.88,-123,1.81,44,46
2015,15,12/20/15,SEA,30,-14,-14.5,-1300,1.08,-1000,1.1,CLE,13,14,14.5,944,10.44,767,8.67,43,45
2015,15,12/20/15,OAK,20,2.5,4,143,2.43,181,2.81,GNB,30,-2.5,-4,-158,1.63,-202,1.5,46,47
2015,15,12/20/15,PIT,34,-6.5,-7.5,-235,1.43,-345,1.29,DEN,27,6.5,7.5,210,3.1,301,4.01,45,45.5
2015,15,12/20/15,LAC,30,0,-1,-121,1.83,-105,1.95,MIA,14,0,1,110,2.1,-105,1.95,44.5,46.5
2015,15,12/20/15,SFO,14,4.5,7,191,2.91,262,3.62,CIN,24,-4.5,-7,-213,1.47,-297,1.34,42,41
2015,15,12/21/15,NOR,27,-3,-2.5,-155,1.65,-124,1.81,DET,35,3,2.5,140,2.4,112,2.12,50,52
2015,16,12/24/15,OAK,20,-4.5,-4,-225,1.44,-202,1.5,LAC,23,4.5,4,201,3.01,181,2.81,46.5,45
2015,16,12/26/15,PHI,24,-3.5,-3.5,-155,1.65,-190,1.53,WAS,38,3.5,3.5,140,2.4,171,2.71,48,48
2015,16,12/27/15,DET,32,-8,-8.5,-500,1.2,-400,1.25,SFO,17,8,8.5,423,5.23,346,4.46,43,42.5
2015,16,12/27/15,KAN,17,-12.5,-11.5,-750,1.13,-550,1.18,CLE,13,12.5,11.5,604,7.04,461,5.61,43,42.5
2015,16,12/27/15,TEN,6,5,3.5,181,2.81,153,2.53,HOU,34,-5,-3.5,-202,1.5,-170,1.59,42,39
2015,16,12/27/15,NOR,38,-3.5,-2.5,-148,1.68,-130,1.77,JAX,27,3.5,2.5,134,2.34,118,2.18,51.5,52.5
2015,16,12/27/15,NYJ,26,3,2.5,148,2.48,121,2.21,NWE,20,-3,-2.5,-164,1.61,-134,1.75,46,45.5
2015,16,12/27/15,ATL,20,7,7,260,3.6,239,3.39,CAR,13,-7,-7,-295,1.34,-270,1.37,47,45.5
2015,16,12/27/15,TAM,21,-2.5,-3,-160,1.63,-179,1.56,CHI,26,2.5,3,144,2.44,161,2.61,45.5,44
2015,16,12/27/15,BUF,16,-6,-6.5,-255,1.39,-260,1.38,DAL,6,6,6.5,227,3.27,231,3.31,43.5,42
2015,16,12/27/15,MIN,49,-6.5,-7,-236,1.42,-305,1.33,NYG,17,6.5,7,211,3.11,269,3.69,46,44.5
2015,16,12/27/15,MIA,12,-1,-2.5,-138,1.72,-133,1.75,IND,18,1,2.5,125,2.25,120,2.2,44,44
2015,16,12/27/15,SEA,17,-13.5,-11,-880,1.11,-575,1.17,LAR,23,13.5,11,691,7.91,480,5.8,41.5,42
2015,16,12/27/15,ARI,38,-4.5,-6,-204,1.49,-248,1.4,GNB,8,4.5,6,183,2.83,221,3.21,49.5,50
2015,16,12/27/15,BAL,20,10,11,393,4.93,461,5.61,PIT,17,-10,-11,-460,1.22,-550,1.18,47,47.5
2015,16,12/28/15,DEN,20,-3.5,-3.5,-188,1.53,-200,1.5,CIN,17,3.5,3.5,169,2.69,166,2.66,42,39
2015,17,1/3/16,ATL,17,-4,-6,-195,1.51,-248,1.4,NOR,20,4,6,175,2.75,221,3.21,53,53.5
2015,17,1/3/16,BUF,22,1.5,2.5,140,2.4,131,2.31,NYJ,17,-1.5,-2.5,-155,1.65,-145,1.69,43.5,41
2015,17,1/3/16,DAL,23,-3.5,-3,-183,1.55,-167,1.6,WAS,34,3.5,3,165,2.65,151,2.51,39.5,41
2015,17,1/3/16,IND,30,-2.5,-3.5,-196,1.51,-185,1.54,TEN,24,2.5,3.5,176,2.76,166,2.66,41,39
2015,17,1/3/16,CAR,38,-11,-10,-500,1.2,-402,1.25,TAM,10,11,10,423,5.23,347,4.47,47,44
2015,17,1/3/16,CHI,20,-1.5,2.5,-114,1.88,112,2.12,DET,24,1.5,-2.5,103,2.03,-124,1.81,46,45
2015,17,1/3/16,CLE,12,10,13,330,4.3,498,5.98,PIT,28,-10,-13,-380,1.26,-600,1.17,47,47
2015,17,1/3/16,GNB,13,-3,-3,-172,1.58,-147,1.68,MIN,20,3,3,155,2.55,133,2.33,47,44
2015,17,1/3/16,KAN,23,-7,-6.5,-280,1.36,-290,1.34,OAK,17,7,6.5,248,3.48,256,3.56,44.5,43.5
2015,17,1/3/16,MIA,20,10.5,10,385,4.85,330,4.3,NWE,10,-10.5,-10,-450,1.22,-380,1.26,47.5,46.5
2015,17,1/3/16,NYG,30,-3.5,-4,-174,1.57,-202,1.5,PHI,35,3.5,4,157,2.57,181,2.81,51.5,51
2015,17,1/3/16,CIN,24,-7.5,-10,-370,1.27,-380,1.26,BAL,16,7.5,10,322,4.22,330,4.3,43,40.5
2015,17,1/3/16,HOU,30,-6,-5,-254,1.39,-220,1.45,JAX,6,6,5,226,3.26,197,2.97,45,45
2015,17,1/3/16,ARI,6,-3.5,-6,-265,1.38,-234,1.43,SEA,36,3.5,6,235,3.35,209,3.09,47.5,46.5
2015,17,1/3/16,DEN,27,-7.5,-10,-380,1.26,-460,1.22,LAC,20,7.5,10,330,4.3,393,4.93,41,42
2015,17,1/3/16,SFO,19,3.5,3,157,2.57,146,2.46,LAR,16,-3.5,-3,-174,1.57,-162,1.62,37.5,39
2015,Wildcard,1/9/16,HOU,0,3,3,156,2.56,129,2.29,KAN,30,-3,-3,-173,1.58,-143,1.7,40.5,39.5
2015,Wildcard,1/9/16,CIN,16,2.5,2,116,2.16,108,2.08,PIT,18,-2.5,-2,-128,1.78,-119,1.84,46.5,46
2015,Wildcard,1/10/16,MIN,9,5.5,4,211,3.11,192,2.92,SEA,10,-5.5,-4,-236,1.42,-214,1.47,42,40
2015,Wildcard,1/10/16,WAS,18,0,-2,-115,1.87,-126,1.79,GNB,35,0,2,104,2.04,114,2.14,47,47
2015,Division,1/16/16,NWE,27,-5,-6,-208,1.48,-260,1.38,KAN,20,5,6,186,2.86,231,3.31,44.5,44
2015,Division,1/16/16,ARI,26,-7.5,-7,-287,1.35,-275,1.36,GNB,20,7.5,7,254,3.54,244,3.44,50,49
2015,Division,1/17/16,CAR,31,-2.5,-2.5,-150,1.67,-145,1.69,SEA,24,2.5,2.5,136,2.36,131,2.31,43.5,41.5
2015,Division,1/17/16,DEN,23,-6,-7,-325,1.31,-290,1.34,PIT,16,6,7,285,3.85,256,3.56,38.5,41.5
2015,Conference,1/24/16,DEN,20,3,2.5,144,2.44,116,2.16,NWE,18,-3,-2.5,-160,1.63,-128,1.78,44.5,45
2015,Conference,1/24/16,CAR,49,-3,-3,-155,1.65,-164,1.61,ARI,15,3,3,140,2.4,148,2.48,47,47
2015,Superbowl,2/7/16,DEN,24,3.5,4.5,159,2.59,188,2.88,CAR,10,-3.5,-4.5,-177,1.56,-208,1.48,45.5,43.5
2016,1,9/8/16,DEN,21,-1,3,140,2.4,136,2.36,CAR,20,1,-3,-155,1.65,-150,1.67,43,40.5
2016,1,9/11/16,BAL,13,-2.5,-3,-163,1.61,-167,1.6,BUF,7,2.5,3,147,2.47,151,2.51,43,44.5
2016,1,9/11/16,JAX,23,4,3.5,186,2.86,161,2.61,GNB,27,-4,-3.5,-208,1.48,-179,1.56,47,47
2016,1,9/11/16,KAN,33,-7,-6.5,-310,1.32,-275,1.36,LAC,27,7,6.5,273,3.73,244,3.44,43,45.5
2016,1,9/11/16,NOR,34,-1,-2.5,-113,1.88,-147,1.68,OAK,35,1,2.5,102,2.02,133,2.33,50,50
2016,1,9/11/16,HOU,23,-5.5,-5.5,-205,1.49,-235,1.43,CHI,14,5.5,5.5,184,2.84,210,3.1,44,43
2016,1,9/11/16,PHI,29,-7,-3.5,-230,1.43,-180,1.56,CLE,10,7,3.5,205,3.05,162,2.62,45,41
2016,1,9/11/16,TEN,16,3,2.5,118,2.18,115,2.15,MIN,25,-3,-2.5,-130,1.77,-127,1.79,41,40
2016,1,9/11/16,ATL,24,-3,-2.5,-160,1.63,-133,1.75,TAM,31,3,2.5,144,2.44,120,2.2,47.5,46.5
2016,1,9/11/16,NYJ,22,0,-1,115,2.15,-117,1.85,CIN,23,0,1,-127,1.79,106,2.06,42.5,42
2016,1,9/11/16,SEA,12,-7.5,-10.5,-500,1.2,-500,1.2,MIA,10,7.5,10.5,423,5.23,423,5.23,49,43.5
2016,1,9/11/16,DAL,19,-3.5,-1,-114,1.88,-113,1.88,NYG,20,3.5,1,103,2.03,102,2.02,49,47.5
2016,1,9/11/16,IND,35,-5.5,-2.5,-190,1.53,-145,1.69,DET,39,5.5,2.5,171,2.71,131,2.31,49,51.5
2016,1,9/11/16,ARI,21,-5.5,-9,-233,1.43,-380,1.26,NWE,23,5.5,9,208,3.08,330,4.3,47.5,44.5
2016,1,9/12/16,WAS,16,3,2.5,158,2.58,121,2.21,PIT,38,-3,-2.5,-175,1.57,-134,1.75,50.5,49
2016,1,9/12/16,SFO,28,2,2.5,124,2.24,114,2.14,LAR,0,-2,-2.5,-137,1.73,-126,1.79,46,44
2016,2,9/15/16,BUF,31,-3,-1.5,104,2.04,-125,1.8,NYJ,37,3,1.5,-115,1.87,113,2.13,42.5,40.5
2016,2,9/18/16,NYG,16,-5.5,-3.5,-208,1.48,-190,1.53,NOR,13,5.5,3.5,186,2.86,171,2.71,52,54
2016,2,9/18/16,HOU,19,-2,1,-130,1.77,-103,1.97,KAN,12,2,-1,118,2.18,-107,1.93,43.5,41.5
2016,2,9/18/16,PIT,24,-3,-3,-166,1.6,-162,1.62,CIN,16,3,3,150,2.5,146,2.46,48,48
2016,2,9/18/16,WAS,23,-3,-3.5,-134,1.75,-185,1.54,DAL,27,3,3.5,121,2.21,166,2.66,46.5,47
2016,2,9/18/16,NWE,31,-5.5,-5.5,-265,1.38,-230,1.43,MIA,24,5.5,5.5,235,3.35,205,3.05,42.5,42
2016,2,9/18/16,DET,15,-5,-6,-260,1.38,-260,1.38,TEN,16,5,6,231,3.31,231,3.31,46.5,48
2016,2,9/18/16,CLE,20,4.5,4,264,3.64,171,2.71,BAL,25,-4.5,-4,-300,1.33,-190,1.53,43,42
2016,2,9/18/16,CAR,46,-7,-12,-700,1.14,-550,1.18,SFO,27,7,12,569,6.69,447,5.47,45,44.5
2016,2,9/18/16,ARI,40,-7,-7.5,-285,1.35,-330,1.3,TAM,7,7,7.5,252,3.52,289,3.89,50,49.5
2016,2,9/18/16,LAR,9,7,5.5,245,3.45,210,3.1,SEA,3,-7,-5.5,-277,1.36,-235,1.43,38.5,38
2016,2,9/18/16,DEN,34,-4,-5,-260,1.38,-224,1.45,IND,20,4,5,231,3.31,200,3,45,47
2016,2,9/18/16,LAC,38,-2.5,-3,-173,1.58,-145,1.69,JAX,14,2.5,3,156,2.56,131,2.31,47,47.5
2016,2,9/18/16,OAK,28,-7,-4,-204,1.49,-195,1.51,ATL,35,7,4,183,2.83,175,2.75,48,47.5
2016,2,9/18/16,MIN,17,2.5,1.5,111,2.11,108,2.08,GNB,14,-2.5,-1.5,-123,1.81,-119,1.84,44.5,43
2016,2,9/19/16,CHI,14,-2.5,-3,-170,1.59,-160,1.63,PHI,29,2.5,3,153,2.53,144,2.44,42.5,42.5
2016,3,9/22/16,NWE,27,2.5,0,117,2.17,-117,1.85,HOU,0,-2.5,0,-129,1.78,106,2.06,40.5,38.5
2016,3,9/25/16,CAR,10,-7.5,-6,-315,1.32,-260,1.38,MIN,22,7.5,6,277,3.77,231,3.31,43,43
2016,3,9/25/16,GNB,34,-8.5,-8.5,-345,1.29,-260,1.38,DET,27,8.5,8.5,301,4.01,231,3.31,48,47.5
2016,3,9/25/16,JAX,17,0,1,-101,1.99,104,2.04,BAL,19,0,-1,-109,1.92,-115,1.87,47.5,45
2016,3,9/25/16,BUF,33,5.5,5,179,2.79,195,2.95,ARI,18,-5.5,-5,-199,1.5,-218,1.46,47,48
2016,3,9/25/16,TEN,10,0,1.5,-121,1.83,109,2.09,OAK,17,0,-1.5,110,2.1,-120,1.83,48,47
2016,3,9/25/16,MIA,30,-7,-10,-540,1.19,-420,1.24,CLE,24,7,10,454,5.54,361,4.61,41.5,42
2016,3,9/25/16,NYG,27,-3.5,-3.5,-205,1.49,-174,1.57,WAS,29,3.5,3.5,184,2.84,157,2.57,48,47
2016,3,9/25/16,CIN,17,-3,-3.5,-174,1.57,-183,1.55,DEN,29,3,3.5,157,2.57,165,2.65,41,42
2016,3,9/25/16,SEA,37,-10.5,-10.5,-425,1.24,-458,1.22,SFO,18,10.5,10.5,365,4.65,391,4.91,40.5,42
2016,3,9/25/16,TAM,32,-4,-3.5,-218,1.46,-173,1.58,LAR,37,4,3.5,195,2.95,156,2.56,42,40.5
2016,3,9/25/16,KAN,24,-3.5,-3,-168,1.6,-166,1.6,NYJ,3,3.5,3,152,2.52,150,2.5,43.5,44.5
2016,3,9/25/16,IND,26,-2.5,-1.5,-145,1.69,-127,1.79,LAC,22,2.5,1.5,131,2.31,115,2.15,50.5,51.5
2016,3,9/25/16,PHI,34,3.5,3.5,180,2.8,171,2.71,PIT,3,-3.5,-3.5,-210,1.48,-190,1.53,46,46.5
2016,3,9/25/16,DAL,31,-5.5,-6.5,-330,1.3,-260,1.38,CHI,17,5.5,6.5,289,3.89,231,3.31,45,45
2016,3,9/26/16,NOR,32,-3,-2.5,-155,1.65,-157,1.64,ATL,45,3,2.5,140,2.4,142,2.42,53.5,54
2016,4,9/29/16,CIN,22,-7,-7.5,-295,1.34,-340,1.29,MIA,7,7,7.5,260,3.6,297,3.97,44.5,46
2016,4,10/2/16,JAX,30,1,-1,122,2.22,-106,1.94,IND,27,-1,1,-135,1.74,-104,1.96,49.5,48
2016,4,10/2/16,NWE,0,-7.5,-3.5,-325,1.31,-170,1.59,BUF,16,7.5,3.5,285,3.85,153,2.53,44.5,41
2016,4,10/2/16,NYJ,17,2.5,1,122,2.22,102,2.02,SEA,27,-2.5,-1,-135,1.74,-113,1.88,41.5,40
2016,4,10/2/16,CHI,17,3,3,125,2.25,159,2.59,DET,14,-3,-3,-138,1.72,-177,1.56,46,48
2016,4,10/2/16,ATL,48,3.5,2.5,146,2.46,125,2.25,CAR,33,-3.5,-2.5,-162,1.62,-138,1.72,50,48.5
2016,4,10/2/16,BAL,27,-4,-3.5,-168,1.6,-185,1.54,OAK,28,4,3.5,152,2.52,166,2.66,46.5,45
2016,4,10/2/16,HOU,27,-7,-4,-290,1.34,-196,1.51,TEN,20,7,4,256,3.56,176,2.76,41,40
2016,4,10/2/16,WAS,31,-10,-7.5,-425,1.24,-340,1.29,CLE,20,10,7.5,365,4.65,297,3.97,45.5,48
2016,4,10/2/16,TAM,7,3,3.5,139,2.39,156,2.56,DEN,27,-3,-3.5,-154,1.65,-173,1.58,44.5,43
2016,4,10/2/16,ARI,13,-10,-10,-381,1.26,-414,1.24,LAR,17,10,10,330,4.3,357,4.57,44,43.5
2016,4,10/2/16,LAC,34,-4.5,-4,-180,1.56,-196,1.51,NOR,35,4.5,4,162,2.62,176,2.76,53.5,54
2016,4,10/2/16,SFO,17,3,1,136,2.36,111,2.11,DAL,24,-3,-1,-150,1.67,-123,1.81,46,44
2016,4,10/2/16,PIT,43,-5,-3,-235,1.43,-177,1.56,KAN,14,5,3,210,3.1,159,2.59,47.5,48
2016,4,10/3/16,MIN,24,-3.5,-3.5,-205,1.49,-195,1.51,NYG,10,3.5,3.5,184,2.84,175,2.75,44,42.5
2016,5,10/6/16,SFO,21,2.5,3.5,149,2.49,169,2.69,ARI,33,-2.5,-3.5,-165,1.61,-188,1.53,42.5,42.5
2016,5,10/9/16,BAL,10,-3.5,-4,-188,1.53,-195,1.51,WAS,16,3.5,4,169,2.69,175,2.75,46.5,44.5
2016,5,10/9/16,MIA,17,-3.5,-2.5,-175,1.57,-134,1.75,TEN,30,3.5,2.5,158,2.58,121,2.21,44.5,44.5
2016,5,10/9/16,MIN,31,-6.5,-6,-272,1.37,-250,1.4,HOU,13,6.5,6,241,3.41,222,3.22,40,39
2016,5,10/9/16,IND,29,-4,-4,-220,1.45,-202,1.5,CHI,23,4,4,197,2.97,181,2.81,46,47.5
2016,5,10/9/16,PIT,31,-7.5,-10,-310,1.32,-390,1.26,NYJ,13,7.5,10,273,3.73,338,4.38,48.5,50
2016,5,10/9/16,DET,24,2,3.5,129,2.29,166,2.66,PHI,23,-2,-3.5,-142,1.7,-185,1.54,46,46
2016,5,10/9/16,CLE,13,10.5,10,423,5.23,385,4.85,NWE,33,-10.5,-10,-500,1.2,-450,1.22,46.5,47.5
2016,5,10/9/16,DEN,16,-6,-3.5,-247,1.4,-195,1.51,ATL,23,6,3.5,220,3.2,175,2.75,47,44.5
2016,5,10/9/16,OAK,34,-4,-3.5,-197,1.51,-185,1.54,LAC,31,4,3.5,177,2.77,166,2.66,52.5,50.5
2016,5,10/9/16,LAR,19,-2,2.5,-142,1.7,116,2.16,BUF,30,2,-2.5,129,2.29,-128,1.78,40,41.5
2016,5,10/9/16,DAL,28,0,2.5,106,2.06,115,2.15,CIN,14,0,-2.5,-117,1.85,-127,1.79,45,46
2016,5,10/9/16,GNB,23,-7.5,-7,-340,1.29,-308,1.32,NYG,16,7.5,7,297,3.97,271,3.71,48,49
2016,5,10/10/16,CAR,14,-4.5,-6,-202,1.5,-244,1.41,TAM,17,4.5,6,181,2.81,217,3.17,45.5,46.5
2016,6,10/13/16,LAC,21,2.5,3,155,2.55,136,2.36,DEN,13,-3,-155,-172,1.58,-150,1.67,45.5,44
2016,6,10/16/16,DET,31,-3,-2.5,-166,1.6,-145,1.69,LAR,28,2.5,166,150,2.5,131,2.31,43,44
2016,6,10/16/16,BUF,45,-7.5,-7.5,-361,1.28,-305,1.33,SFO,16,7.5,361,314,4.14,269,3.69,45,44
2016,6,10/16/16,CHI,16,-2,-2.5,-138,1.72,-139,1.72,JAX,17,2.5,138,125,2.25,126,2.26,47,46
2016,6,10/16/16,TEN,28,-7,-7.5,-325,1.31,-325,1.31,CLE,26,7.5,325,285,3.85,285,3.85,44,45
2016,6,10/16/16,WAS,27,0,3,116,2.16,136,2.36,PHI,20,-3,-116,-128,1.78,-150,1.67,45.5,45
2016,6,10/16/16,NYG,27,-3,-3.5,-150,1.67,-190,1.53,BAL,23,3.5,150,136,2.36,171,2.71,43.5,42.5
2016,6,10/16/16,NOR,41,3,2.5,136,2.36,126,2.26,CAR,38,-2.5,-136,-150,1.67,-139,1.72,53,53.5
2016,6,10/16/16,MIA,30,7.5,7.5,314,4.14,269,3.69,PIT,15,-7.5,-314,-361,1.28,-305,1.33,48,49.5
2016,6,10/16/16,NWE,35,-8,-7.5,-400,1.25,-335,1.3,CIN,17,7.5,400,346,4.46,293,3.93,47,48.5
2016,6,10/16/16,OAK,10,-2,1,106,2.06,111,2.11,KAN,26,-1,-106,-117,1.85,-123,1.81,48,46.5
2016,6,10/16/16,SEA,26,-6,-7,-250,1.4,-302,1.33,ATL,24,7,250,222,3.22,266,3.66,45.5,45.5
2016,6,10/16/16,GNB,16,-4,-5,-202,1.5,-237,1.42,DAL,30,5,202,181,2.81,211,3.11,46.5,47
2016,6,10/16/16,HOU,26,-3.5,-3,-160,1.63,-160,1.63,IND,23,3,160,144,2.44,144,2.44,46,47.5
2016,6,10/17/16,ARI,28,-7.5,-7.5,-340,1.29,-350,1.29,NYJ,3,7.5,340,297,3.97,305,4.05,46,46
2016,7,10/20/16,GNB,26,-9,-7.5,-350,1.29,-335,1.3,CHI,10,9,7.5,305,4.05,293,3.93,47,46.5
2016,7,10/23/16,LAR,10,2.5,3,129,2.29,131,2.31,NYG,17,-2.5,-3,-143,1.7,-143,1.7,44.5,44.5
2016,7,10/23/16,DET,20,-1.5,1,-118,1.85,-105,1.95,WAS,17,1.5,-1,107,2.07,-105,1.95,49.5,50
2016,7,10/23/16,PHI,21,1,2.5,125,2.25,116,2.16,MIN,10,-1,-2.5,-138,1.72,-128,1.78,40,39
2016,7,10/23/16,CIN,31,-10,-11.5,-400,1.25,-575,1.17,CLE,17,10,11.5,346,4.46,480,5.8,45.5,46.5
2016,7,10/23/16,TEN,26,-2.5,-4,-140,1.71,-195,1.51,IND,14,2.5,4,127,2.27,175,2.75,48.5,48.5
2016,7,10/23/16,NYJ,24,-1,-2,-106,1.94,-123,1.81,BAL,16,1,2,-104,1.96,111,2.11,41.5,40.5
2016,7,10/23/16,JAX,16,-1,-1.5,-115,1.87,-123,1.81,OAK,33,1,1.5,104,2.04,111,2.11,49,47.5
2016,7,10/23/16,KAN,27,-7,-6,-285,1.35,-245,1.41,NOR,21,7,6,252,3.52,218,3.18,49.5,51
2016,7,10/23/16,MIA,28,3,2.5,127,2.27,121,2.21,BUF,25,-3,-2.5,-140,1.71,-134,1.75,45,46
2016,7,10/23/16,ATL,30,-6.5,-4.5,-270,1.37,-208,1.48,LAC,33,6.5,4.5,239,3.39,186,2.86,50.5,52.5
2016,7,10/23/16,SFO,17,2,-1,106,2.06,-115,1.87,TAM,34,-2,1,-117,1.85,104,2.04,47,45
2016,7,10/23/16,PIT,16,7.5,7.5,260,3.6,260,3.6,NWE,27,-7.5,-7.5,-295,1.34,-295,1.34,45.5,49
2016,7,10/23/16,ARI,6,-2,-2.5,-121,1.83,-134,1.75,SEA,6,2,2.5,110,2.1,121,2.21,43.5,43
2016,7,10/24/16,DEN,27,-7.5,-8.5,-325,1.31,-385,1.26,HOU,9,7.5,8.5,285,3.85,334,4.34,40.5,40
2016,8,10/27/16,TEN,36,-3.5,-3,-177,1.56,-144,1.69,JAX,22,3.5,3,159,2.59,130,2.3,46,43.5
2016,8,10/30/16,CIN,27,-2.5,-3,-150,1.67,-150,1.67,WAS,27,2.5,3,136,2.36,136,2.36,46.5,49
2016,8,10/30/16,CLE,28,3,2.5,146,2.46,121,2.21,NYJ,31,-3,-2.5,-162,1.62,-134,1.75,43.5,45.5
2016,8,10/30/16,NOR,25,3.5,1,129,2.29,-105,1.95,SEA,20,-3.5,-1,-143,1.7,-105,1.95,47.5,50
2016,8,10/30/16,BUF,25,5,5.5,227,3.27,210,3.1,NWE,41,-5,-5.5,-255,1.39,-235,1.43,47.5,48
2016,8,10/30/16,ATL,33,-2.5,-3,-148,1.68,-154,1.65,GNB,32,2.5,3,134,2.34,139,2.39,52.5,51
2016,8,10/30/16,TAM,24,0,-1,-117,1.85,-117,1.85,OAK,30,0,1,106,2.06,106,2.06,49,48
2016,8,10/30/16,IND,14,2.5,3,125,2.25,126,2.26,KAN,30,-2.5,-3,-138,1.72,-139,1.72,49,50.5
2016,8,10/30/16,HOU,20,-2.5,-1,-138,1.72,-109,1.92,DET,13,2.5,1,125,2.25,-101,1.99,45,46.5
2016,8,10/30/16,DEN,27,-6,-3.5,-208,1.48,-177,1.56,LAC,19,6,3.5,186,2.86,159,2.59,44.5,43
2016,8,10/30/16,CAR,30,-2.5,-2.5,-144,1.69,-134,1.75,ARI,20,2.5,2.5,130,2.3,121,2.21,48,45.5
2016,8,10/30/16,DAL,29,-4.5,-5,-215,1.47,-225,1.44,PHI,23,4.5,5,193,2.93,201,3.01,43.5,44
2016,8,10/31/16,CHI,20,5,5.5,214,3.14,205,3.05,MIN,10,-5,-5.5,-240,1.42,-230,1.43,41,39.5
2016,9,11/3/16,TAM,28,3,4.5,162,2.62,184,2.84,ATL,43,-3,-4.5,-180,1.555555556,-205,1.487804878,51.5,49
2016,9,11/6/16,CLE,10,7.5,7,277,3.77,255,3.55,DAL,35,-7.5,-7,-315,1.317460317,-289,1.346020761,46.5,49
2016,9,11/6/16,BAL,21,3,3.5,140,2.4,140,2.4,PIT,14,-3,-3.5,-155,1.64516129,-155,1.64516129,47,46
2016,9,11/6/16,NYG,28,-3,-3,-135,1.740740741,-149,1.67114094,PHI,23,3,3,122,2.22,135,2.35,44,42.5
2016,9,11/6/16,MIN,16,-6,-4,-253,1.395256917,-194,1.515463918,DET,22,6,4,225,3.25,174,2.74,40.5,42.5
2016,9,11/6/16,MIA,27,-3,-3.5,-186,1.537634409,-190,1.526315789,NYJ Jets,23,3,3.5,167,2.67,171,2.71,44,45
2016,9,11/6/16,KAN,19,-7.5,-7,-300,1.333333333,-300,1.333333333,JAX,14,7.5,7,264,3.64,264,3.64,45,42.5
2016,9,11/6/16,SFO,23,3,5,158,2.58,190,2.9,NOR,41,-3,-5,-175,1.571428571,-212,1.471698113,51,53
2016,9,11/6/16,LAR,10,3,3,143,2.43,127,2.27,CAR,13,-3,-3,-158,1.632911392,-140,1.714285714,45.5,44.5
2016,9,11/6/16,LAC,43,-4.5,-3.5,-240,1.416666667,-179,1.558659218,TEN,35,4.5,3.5,214,3.14,161,2.61,48,47.5
2016,9,11/6/16,GNB,26,-7,-7.5,-310,1.322580645,-340,1.294117647,IND,31,7,7.5,273,3.73,297,3.97,52.5,52
2016,9,11/6/16,OAK,30,0,-1,-123,1.81300813,-102,1.980392157,DEN,20,0,1,111,2.11,-108,1.925925926,44.5,44.5
2016,9,11/7/16,SEA,31,-7,-5.5,-275,1.363636364,-220,1.454545455,BUF,25,7,5.5,244,3.44,197,2.97,44,43.5
2016,10,11/10/16,BAL,28,-10.5,-7.5,-535,1.186915888,-345,1.289855072,CLE,7,10.5,7.5,450,5.5,301,4.01,45,44
2016,10,11/13/16,JAX,21,0,-3,111,2.11,-156,1.641025641,HOU,24,0,3,-123,1.81300813,141,2.41,43.5,42
2016,10,11/13/16,CAR,17,-3,-3,-160,1.625,-170,1.588235294,KAN,20,3,3,144,2.44,153,2.53,44,44
2016,10,11/13/16,NYJ Jets,6,-2.5,1,-118,1.847457627,104,2.04,LAR,9,2.5,-1,107,2.07,-115,1.869565217,41,39
2016,10,11/13/16,PHI,24,-2.5,-2,111,2.11,-123,1.81300813,ATL,15,2.5,2,-123,1.81300813,111,2.11,49.5,48.5
2016,10,11/13/16,TEN,47,2.5,3,120,2.2,127,2.27,GNB,25,-2.5,-3,-133,1.751879699,-140,1.714285714,48.5,48.5
2016,10,11/13/16,WAS,26,-2.5,-2.5,-155,1.64516129,-145,1.689655172,MIN,20,2.5,2.5,140,2.4,131,2.31,42.5,42
2016,10,11/13/16,TAM,36,0,2.5,115,2.15,131,2.31,CHI,10,0,-2.5,-127,1.787401575,-145,1.689655172,45.5,45
2016,10,11/13/16,NOR,23,-1.5,-3,-123,1.81300813,-150,1.666666667,DEN,25,1.5,3,111,2.11,136,2.36,48,50
2016,10,11/13/16,LAC,24,-3.5,-4,-190,1.526315789,-198,1.505050505,MIA,31,3.5,4,171,2.71,178,2.78,47.5,48.5
2016,10,11/13/16,ARI,23,-13,-14,-850,1.117647059,-850,1.117647059,SFO,20,13,14,671,7.71,671,7.71,49,46.5
2016,10,11/13/16,PIT,30,-3,-3,-135,1.740740741,-173,1.578034682,DAL,35,3,3,122,2.22,156,2.56,49.5,50.5
2016,10,11/13/16,NWE,24,-7.5,-7.5,-333,1.3003003,-310,1.322580645,SEA,31,7.5,7.5,292,3.92,273,3.73,48.5,49.5
2016,10,11/14/16,NYG,21,-2.5,1,-125,1.8,102,2.02,CIN,20,2.5,-1,113,2.13,-113,1.884955752,45.5,49.5
2016,11,11/17/16,CAR,23,-4,-3.5,-170,1.588235294,-184,1.543478261,NOR,20,4,3.5,153,2.53,166,2.66,52,52.5
2016,11,11/20/16,NYG,22,-7.5,-7,-330,1.303030303,-283,1.35335689,CHI,16,7.5,7,289,3.89,250,3.5,45.5,41.5
2016,11,11/20/16,MIN,30,0,-2,-123,1.81300813,-125,1.8,ARI,24,0,2,111,2.11,113,2.13,41.5,39.5
2016,11,11/20/16,DAL,27,-7.5,-7,-305,1.327868852,-300,1.333333333,BAL,17,7.5,7,269,3.69,264,3.64,44,44.5
2016,11,11/20/16,IND,24,-3,-3,-155,1.64516129,-140,1.714285714,TEN,17,3,3,140,2.4,127,2.27,53,53.5
2016,11,11/20/16,CIN,12,-3,-2.5,-139,1.71942446,-136,1.735294118,BUF,16,3,2.5,126,2.26,123,2.23,47,48
2016,11,11/20/16,CLE,9,9,8,305,4.05,272,3.72,PIT,24,-9,-8,-350,1.285714286,-309,1.323624595,49.5,45.5
2016,11,11/20/16,DET,26,-6.5,-5.5,-268,1.373134328,-230,1.434782609,JAX,19,6.5,5.5,238,3.38,205,3.05,47,47
2016,11,11/20/16,KAN,17,-7.5,-7,-320,1.3125,-290,1.344827586,TAM,19,7.5,7,281,3.81,256,3.56,44.5,45
2016,11,11/20/16,LAR,10,0,-1,-117,1.854700855,-107,1.934579439,MIA,14,0,1,106,2.06,-103,1.970873786,40.5,39
2016,11,11/20/16,SEA,26,-6,-6.5,-270,1.37037037,-265,1.377358491,PHI,15,6,6.5,239,3.39,235,3.35,45.5,43
2016,11,11/20/16,SFO,17,13.5,10.5,638,7.38,423,5.23,NWE,30,-13.5,-10.5,-800,1.125,-500,1.2,51.5,51.5
2016,11,11/20/16,WAS,42,-2.5,-2.5,-140,1.714285714,-133,1.751879699,GNB,24,2.5,2.5,127,2.27,120,2.2,50,48.5
2016,11,11/21/16,OAK,27,-5,-6.5,-240,1.416666667,-253,1.395256917,HOU,20,5,6.5,214,3.14,225,3.25,46,45.5
2016,12,11/24/16,DET,16,-2.5,-2,-134,1.746268657,-119,1.840336134,MIN,13,2.5,2,121,2.21,108,2.08,42.5,42
2016,12,11/24/16,DAL,31,-7,-5.5,-275,1.363636364,-231,1.432900433,WAS,26,7,5.5,244,3.44,206,3.06,48,53
2016,12,11/24/16,IND,7,2.5,8,129,2.29,346,4.46,PIT,28,-2.5,-8,-142,1.704225352,-400,1.25,53.5,50
2016,12,11/27/16,CLE,13,7,6.5,252,3.52,237,3.37,NYG,27,-7,-6.5,-285,1.350877193,-267,1.374531835,44.5,47
2016,12,11/27/16,MIA,31,-7.5,-7,-350,1.285714286,-310,1.322580645,SFO,24,7.5,7,305,4.05,273,3.73,45.5,44.5
2016,12,11/27/16,NOR,49,-6.5,-7.5,-320,1.3125,-330,1.303030303,LAR,21,6.5,7.5,281,3.81,289,3.89,45.5,46
2016,12,11/27/16,CHI,21,1,6.5,181,2.81,222,3.22,TEN,27,-1,-6.5,-202,1.495049505,-250,1.4,44.5,41.5
2016,12,11/27/16,BUF,28,-7,-8.5,-310,1.322580645,-350,1.285714286,JAX,21,7,8.5,273,3.73,305,4.05,46,43.5
2016,12,11/27/16,ATL,38,-4,-3.5,-211,1.473933649,-187,1.534759358,ARI,19,4,3.5,189,2.89,168,2.68,50.5,49
2016,12,11/27/16,BAL,19,-3.5,-3.5,-210,1.476190476,-185,1.540540541,CIN,14,3.5,3.5,188,2.88,166,2.66,41.5,42
2016,12,11/27/16,HOU,13,-1,2.5,109,2.09,116,2.16,LAC,21,1,-2.5,-120,1.833333333,-128,1.78125,47,45.5
2016,12,11/27/16,TAM,14,5.5,5,218,3.18,197,2.97,SEA,5,-5.5,-5,-245,1.408163265,-220,1.454545455,44.5,46
2016,12,11/27/16,DEN,27,-3.5,-3.5,-167,1.598802395,-179,1.558659218,KAN,30,3.5,3.5,151,2.51,161,2.61,40.5,40
2016,12,11/27/16,OAK,35,-3.5,-3.5,-155,1.64516129,-164,1.609756098,CAR,32,3.5,3.5,140,2.4,148,2.48,48,48.5
2016,12,11/27/16,NYJ,17,8.5,9,318,4.18,361,4.61,NWE,22,-8.5,-9,-365,1.273972603,-420,1.238095238,47,48
2016,12,11/28/16,PHI,13,-3.5,-4,-188,1.531914894,-196,1.510204082,GNB,27,3.5,4,169,2.69,176,2.76,48,47
2016,13,12/01/16,MIN,15,2.5,3,166,2.66,138,2.38,DAL,17,-2.5,-3,-185,1.540540541,-153,1.653594771,43.5,43.5
2016,13,12/04/16,BAL,38,-3.5,-3.5,-173,1.578034682,-185,1.540540541,MIA,6,3.5,3.5,156,2.56,166,2.66,41.5,41.5
2016,13,12/04/16,CHI,26,-2.5,0,-127,1.787401575,107,2.07,SFO,6,2.5,0,115,2.15,-118,1.847457627,42.5,44
2016,13,12/04/16,GNB,21,-6,-7,-285,1.350877193,-312,1.320512821,HOU,13,6,7,252,3.52,274,3.74,45.5,44.5
2016,13,12/04/16,ATL,28,-3.5,-5,-193,1.518134715,-208,1.480769231,KAN,29,3.5,5,173,2.73,186,2.86,49,50
2016,13,12/04/16,NWE,26,-13.5,-13,-735,1.136054422,-750,1.133333333,LAR,10,13.5,13,594,6.94,604,7.04,45.5,44.5
2016,13,12/04/16,NOR,13,-4,-6.5,-250,1.4,-284,1.352112676,DET,28,4,6.5,222,3.22,251,3.51,54,53
2016,13,12/04/16,CIN,32,1,-1,-123,1.81300813,-118,1.847457627,PHI,14,-1,1,111,2.11,107,2.07,42,42
2016,13,12/04/16,JAX,10,4.5,3.5,211,3.11,160,2.6,DEN,20,-4.5,-3.5,-237,1.421940928,-178,1.561797753,43,39
2016,13,12/04/16,OAK,38,-3.5,-3,-164,1.609756098,-150,1.666666667,BUF,24,3.5,3,148,2.48,136,2.36,50.5,48.5
2016,13,12/04/16,LAC,21,-4,-3.5,-201,1.497512438,-185,1.540540541,TAM,28,4,3.5,180,2.8,166,2.66,46.5,49
2016,13,12/04/16,ARI,31,-2.5,-2.5,-141,1.709219858,-133,1.751879699,WAS,23,2.5,2.5,128,2.28,120,2.2,50.5,48.5
2016,13,12/04/16,PIT,24,-5.5,-7,-250,1.4,-315,1.317460317,NYG,14,5.5,7,222,3.22,277,3.77,50,49.5
2016,13,12/04/16,SEA,40,-6.5,-8.5,-290,1.344827586,-385,1.25974026,CAR,7,6.5,8.5,256,3.56,334,4.34,45,44
2016,13,12/05/16,NYJ,10,1.5,-1,113,2.13,-123,1.81300813,IND,41,-1.5,1,-125,1.8,111,2.11,49,49
2016,14,12/08/16,KAN,21,-3,-3.5,-175,1.571428571,-199,1.502512563,OAK,13,3,3.5,158,2.58,179,2.79,47.5,46
2016,14,12/11/16,BUF,20,1.5,1,112,2.12,104,2.04,PIT,27,-1.5,-1,-124,1.806451613,-115,1.869565217,47.5,45.5
2016,14,12/11/16,IND,17,-6,-6.5,-230,1.434782609,-270,1.37037037,HOU,22,6,6.5,205,3.05,239,3.39,47,47.5
2016,14,12/11/16,PHI,22,1,1.5,118,2.18,109,2.09,WAS,27,-1,-1.5,-130,1.769230769,-120,1.833333333,46.5,48.5
2016,14,12/11/16,TEN,13,-1.5,-2,-128,1.78125,-128,1.78125,DEN,10,1.5,2,116,2.16,116,2.16,43.5,44
2016,14,12/11/16,TAM,16,-2.5,-2,-140,1.714285714,-128,1.78125,NOR,11,2.5,2,127,2.27,116,2.16,51,52
2016,14,12/11/16,CAR,28,-1,-1,-117,1.854700855,-112,1.892857143,LAC,16,1,1,106,2.06,102,2.02,49,48.5
2016,14,12/11/16,CLE,10,4,4,221,3.21,169,2.69,CIN,23,-4,-4,-248,1.403225806,-188,1.531914894,43,42
2016,14,12/11/16,DET,20,-9.5,-7.5,-365,1.273972603,-314,1.318471338,CHI,17,9.5,7.5,318,4.18,276,3.76,43.5,42
2016,14,12/11/16,JAX,16,3,3,162,2.62,153,2.53,MIN,25,-3,-3,-180,1.555555556,-170,1.588235294,40,38
2016,14,12/11/16,MIA,26,-2.5,2,-117,1.854700855,111,2.11,ARI,23,2.5,-2,106,2.06,-123,1.81300813,43.5,44
2016,14,12/11/16,SFO,17,-1,-3,-138,1.724637681,-146,1.684931507,NYJ,23,1,3,125,2.25,132,2.32,44.5,42.5
2016,14,12/11/16,GNB,38,2.5,3,127,2.27,131,2.31,SEA,10,-2.5,-3,-140,1.714285714,-145,1.689655172,46.5,47
2016,14,12/11/16,LAR,14,4.5,4.5,212,3.12,186,2.86,ATL,42,-4.5,-4.5,-238,1.420168067,-208,1.480769231,46,44
2016,14,12/11/16,NYG,10,3,3.5,149,2.49,166,2.66,DAL,7,-3,-3.5,-165,1.606060606,-185,1.540540541,47.5,47
2016,14,12/12/16,NWE,30,-7.5,-6,-315,1.317460317,-248,1.403225806,BAL,23,7.5,6,277,3.77,221,3.21,44.5,45.5
2016,15,12/15/16,SEA,24,-14,-15,-1000,1.1,-1100,1.090909091,LAR,3,14,15,767,8.67,828,9.28,40.5,39.5
2016,15,12/17/16,NYJ,13,3,2.5,118,2.18,131,2.31,MIA,34,-3,-2.5,-130,1.769230769,-145,1.689655172,40.5,40
2016,15,12/17/16,CHI,27,6.5,4.5,235,3.35,201,3.01,GNB,30,-6.5,-4.5,-265,1.377358491,-225,1.444444444,40.5,40
2016,15,12/17/16,KAN,17,-5,-6,-227,1.440528634,-242,1.41322314,TEN,19,5,6,203,3.03,216,3.16,43,43
2016,15,12/17/16,NYG,17,-4,-4,-216,1.462962963,-196,1.510204082,DET,6,4,4,193,2.93,176,2.76,43,42.5
2016,15,12/17/16,BUF,33,-10.5,-10.5,-480,1.208333333,-465,1.215053763,CLE,13,10.5,10.5,408,5.08,397,4.97,43,43.5
2016,15,12/17/16,MIN,6,-3.5,-5,-201,1.497512438,-239,1.418410042,IND,34,3.5,5,180,2.8,213,3.13,44,44.5
2016,15,12/17/16,BAL,27,-5.5,-5,-230,1.434782609,-225,1.444444444,PHI,26,5.5,5,205,3.05,201,3.01,41.5,41
2016,15,12/17/16,DAL,26,-7,-7,-310,1.322580645,-295,1.338983051,TAM,20,7,7,273,3.73,260,3.6,46,47.5
2016,15,12/17/16,HOU,21,-5,-3.5,-255,1.392156863,-185,1.540540541,JAX,20,5,3.5,227,3.27,166,2.66,40.5,39.5
2016,15,12/17/16,ARI,41,-2.5,-3,-129,1.775193798,-154,1.649350649,NOR,48,2.5,3,117,2.17,139,2.39,50,48.5
2016,15,12/17/16,ATL,41,-13,-13.5,-800,1.125,-900,1.111111111,SFO,13,13,13.5,638,7.38,704,8.04,52,51.5
2016,15,12/17/16,DEN,3,3,3,146,2.46,136,2.36,NWE,16,-3,-3,-162,1.617283951,-150,1.666666667,44,43.5
2016,15,12/17/16,LAC,16,3,2.5,124,2.24,116,2.16,OAK,19,-3,-2.5,-137,1.729927007,-128,1.78125,51,49.5
2016,15,12/17/16,CIN,20,3,3,330,4.3,140,2.4,PIT,24,-3,-3,329,4.29,-155,1.64516129,44.5,45.5
2016,15,12/19/16,WAS,15,-4.5,-7,-216,1.462962963,-290,1.344827586,CAR,26,4.5,7,193,2.93,261,3.61,51,50.5
2016,16,12/22/16,PHI,24,3,-2,128,2.28,-126,1.793650794,NYG,19,-3,2,-141,1.709219858,114,2.14,42,42.5
2016,16,12/24/16,BUF,31,-3.5,-4.5,-186,1.537634409,-220,1.454545455,MIA,34,3.5,4.5,167,2.67,197,2.97,43,44.5
2016,16,12/24/16,NOR,31,-3,-3,-145,1.689655172,-170,1.588235294,TAM,24,3,3,131,2.31,153,2.53,52.5,53
2016,16,12/24/16,NWE,41,-16.5,-17,-1400,1.071428571,-1500,1.066666667,NYJ,3,16.5,17,998,10.98,1051,11.51,43.5,45
2016,16,12/24/16,JAX,38,3.5,4,195,2.95,175,2.75,TEN,17,-3.5,-4,-218,1.458715596,-195,1.512820513,44.5,44
2016,16,12/24/16,GNB,38,-7,-6,-270,1.37037037,-265,1.377358491,MIN,25,7,6,239,3.39,235,3.35,43.5,44.5
2016,16,12/24/16,CLE,20,6,4.5,218,3.18,179,2.79,LAC,17,-6,-4.5,-245,1.408163265,-199,1.502512563,44,45
2016,16,12/24/16,CHI,21,3,3,151,2.51,140,2.4,WAS,41,-3,-3,-167,1.598802395,-155,1.64516129,45,49
2016,16,12/24/16,CAR,16,2,3,115,2.15,136,2.36,ATL,33,-2,-3,-127,1.787401575,-150,1.666666667,51.5,48.5
2016,16,12/24/16,OAK,33,-4,-3.5,-186,1.537634409,-174,1.574712644,IND,25,4,3.5,167,2.67,157,2.57,53,52
2016,16,12/24/16,SEA,31,-7.5,-9,-380,1.263157895,-380,1.263157895,ARI,34,7.5,9,330,4.3,330,4.3,43.5,43.5
2016,16,12/24/16,LAR,21,-3,-6,-192,1.520833333,-253,1.395256917,SFO,22,3,6,173,2.73,225,3.25,41,39.5
2016,16,12/24/16,HOU,12,-2.5,-3,-117,1.854700855,-154,1.649350649,CIN,10,2.5,3,106,2.06,139,2.39,40.5,41.5
2016,16,12/25/16,PIT,31,-5,-5.5,-218,1.458715596,-250,1.4,BAL,27,5,5.5,195,2.95,222,3.22,44.5,46.5
2016,16,12/25/16,KAN,33,-4.5,-3.5,-194,1.515463918,-190,1.526315789,DEN,10,4.5,3.5,174,2.74,171,2.71,38,38.5
2016,16,12/26/16,DAL,42,-7.5,-6.5,-305,1.327868852,-280,1.357142857,DET,21,7.5,6.5,269,3.69,248,3.48,41.5,47
2016,17,01/01/17,ATL,38,-6.5,-7.5,-278,1.35971223,-350,1.285714286,NOR,32,6.5,7.5,246,3.46,305,4.05,55.5,58.5
2016,17,01/01/17,MIN,38,-6.5,-6,-230,1.434782609,-255,1.392156863,CHI,10,6.5,6,205,3.05,227,3.27,41,44
2016,17,01/01/17,IND,24,-6,-5.5,-217,1.460829493,-250,1.4,JAX,20,6,5.5,194,2.94,222,3.22,49,48.5
2016,17,01/01/17,PHI,27,-3.5,-6.5,-185,1.540540541,-245,1.408163265,DAL,13,3.5,6.5,166,2.66,218,3.18,43,44
2016,17,01/01/17,DET,24,3.5,3.5,151,2.51,171,2.71,GNB,31,-3.5,-3.5,-167,1.598802395,-190,1.526315789,48,50
2016,17,01/01/17,MIA,14,7.5,7.5,354,4.54,323,4.23,NWE,35,-7.5,-7.5,-410,1.243902439,-372,1.268817204,44.5,47
2016,17,01/01/17,NYJ,30,6,3.5,155,2.55,171,2.71,BUF,10,-6,-3.5,-172,1.581395349,-190,1.526315789,45,43
2016,17,01/01/17,TAM,17,-4,-3.5,-245,1.408163265,-190,1.526315789,CAR,16,4,3.5,218,3.18,171,2.71,47.5,44.5
2016,17,01/01/17,WAS,10,-7.5,-10,-380,1.263157895,-430,1.23255814,NYG,19,7.5,10,330,4.3,369,4.69,44,47.5
2016,17,01/01/17,TEN,24,-3,-3,-157,1.636942675,-164,1.609756098,HOU,17,3,3,142,2.42,148,2.48,40.5,41.5
2016,17,01/01/17,CIN,27,-2.5,2.5,-128,1.78125,125,2.25,BAL,10,2.5,-2.5,116,2.16,-138,1.724637681,41,40.5
2016,17,01/01/17,PIT,27,-10.5,-3.5,-245,1.408163265,-190,1.526315789,CLE,24,10.5,3.5,218,3.18,171,2.71,44.5,41.5
2016,17,01/01/17,LAC,27,4,5.5,222,3.22,210,3.1,KAN,37,-4,-5.5,-250,1.4,-235,1.425531915,45,45
2016,17,01/01/17,DEN,24,-3.5,-1,-121,1.826446281,-118,1.847457627,OAK,6,3.5,1,110,2.1,107,2.07,41.5,40
2016,17,01/01/17,SFO,23,9.5,11.5,338,4.38,423,5.23,SEA,25,-9.5,-11.5,-390,1.256410256,-500,1.2,44,44.5
2016,17,01/01/17,LAR,6,7,7,218,3.18,252,3.52,ARI,44,-7,-7,-245,1.408163265,-285,1.350877193,40.5,39
2016,Wildcard,01/07/17,HOU,27,-3,-4,-150,1.666666667,-208,1.480769231,OAK,14,3,4,136,2.36,186,2.86,37.5,37.5
2016,Wildcard,01/07/17,SEA,26,-7.5,-8,-315,1.317460317,-390,1.256410256,DET,6,7.5,8,277,3.77,338,4.38,43,45.5
2016,Wildcard,01/08/17,PIT,30,-10,-11,-400,1.25,-603,1.165837479,MIA,12,10,11,346,4.46,500,6,47.5,47.5
2016,Wildcard,01/08/17,GNB,38,-4.5,-5,-190,1.526315789,-210,1.476190476,NYG,13,4.5,5,171,2.71,188,2.88,44.5,46.5
2016,Division,01/14/17,ATL,36,-3.5,-6.5,-190,1.526315789,-272,1.367647059,SEA,20,3.5,6.5,171,2.71,241,3.41,49.5,51
2016,Division,01/14/17,NWE,34,-16,-16,-1150,1.086956522,-1200,1.083333333,HOU,16,16,16,858,9.58,887,9.87,44.5,44
2016,Division,01/15/17,KAN,16,0,-2.5,-126,1.793650794,-139,1.71942446,PIT,18,0,2.5,114,2.14,126,2.26,46,45.5
2016,Division,01/15/17,DAL,31,-4,-5.5,-196,1.510204082,-231,1.432900433,GNB,34,4,5.5,176,2.76,206,3.06,51.5,52.5
2016,Conference,01/22/17,ATL,44,-4,-6.5,-197,1.507614213,-248,1.403225806,GNB,21,4,6.5,177,2.77,221,3.21,61,59.5
2016,Conference,01/22/17,NWE,36,-6,-5.5,-235,1.425531915,-218,1.458715596,PIT,17,6,5.5,210,3.1,195,2.95,51,49.5
2016,Superbowl,02/05/17,ATL,34,3,3,136,2.36,126,2.26,NWE,28,-3,-3,-150,1.666666667,-150,1.666666667,58,57
2017,Week 1,9/7/17,NWE,27,-7.5,-8,-370,1.27,-441,1.23,KAN,42,7.5,8,322,4.22,378,4.78,48.5,47.5
2017,Week 1,9/10/17,HOU,7,-4.5,-5.5,-216,1.46,-225,1.44,JAX,29,4.5,5.5,193,2.93,201,3.01,42,38
2017,Week 1,9/10/17,BUF,21,-6,-7,-385,1.26,-340,1.29,NYJ,12,6,7,334,4.34,297,3.97,42.5,42
2017,Week 1,9/10/17,WAS,17,-2.5,2,104,2.04,113,2.13,PHI,30,2.5,-2,-115,1.87,-125,1.8,48,49.5
2017,Week 1,9/10/17,TEN,16,1,-2.5,-123,1.81,-134,1.75,OAK,26,-1,2.5,111,2.11,121,2.21,51.5,49.5
2017,Week 1,9/10/17,CHI,17,7,6.5,252,3.52,245,3.45,ATL,23,-7,-6.5,-285,1.35,-277,1.36,50.5,48
2017,Week 1,9/10/17,CIN,0,-2.5,-2.5,-143,1.7,-140,1.71,BAL,20,2.5,2.5,129,2.29,127,2.27,43,41.5
2017,Week 1,9/10/17,CLE,18,9,10,385,4.85,385,4.85,PIT,21,-9,-10,-450,1.22,-450,1.22,47.5,47
2017,Week 1,9/10/17,DET,35,-2.5,2.5,102,2.02,106,2.06,ARI,23,2.5,-2.5,-113,1.88,-117,1.85,48.5,48.5
2017,Week 1,9/10/17,LAR,46,3,-3.5,-185,1.54,-185,1.54,IND,9,-3,3.5,166,2.66,166,2.66,47,41.5
2017,Week 1,9/10/17,GNB,17,-3,-2.5,-165,1.61,-134,1.75,SEA,9,3,2.5,149,2.49,121,2.21,49.5,49.5
2017,Week 1,9/10/17,SFO,3,4.5,4.5,231,3.31,201,3.01,CAR,23,-4.5,-4.5,-260,1.38,-225,1.44,48,45.5
2017,Week 1,9/10/17,DAL,19,-5.5,-6,-164,1.61,-248,1.4,NYG,3,5.5,6,148,2.48,221,3.21,49.5,46.5
2017,Week 1,9/11/17,MIN,29,-3.5,-3,-188,1.53,-172,1.58,NOR,19,3.5,3,169,2.69,155,2.55,48,47.5
2017,Week 1,9/11/17,DEN,24,-3.5,-3,-178,1.56,-145,1.69,LAC,21,3.5,3,160,2.6,131,2.31,44,41.5
2017,Week 1,9/10/17,MIA,20,0,1,103,2.03,108,2.08,TAM,30,0,-1,-114,1.88,-119,1.84,40,44
2017,Week 2,9/14/17,CIN,9,-3,-5.5,-179,1.56,-236,1.42,HOU,13,3,5.5,161,2.61,211,3.11,38.5,38
2017,Week 2,9/17/17,PIT,26,-7,-8.5,-305,1.33,-380,1.26,MIN,9,7,8.5,269,3.69,330,4.3,45,43
2017,Week 2,9/17/17,BAL,24,-7.5,-7.5,-325,1.31,-320,1.31,CLE,10,7.5,7.5,285,3.85,281,3.81,41,39.5
2017,Week 2,9/17/17,TAM,29,-6.5,-7,-285,1.35,-307,1.33,CHI,7,6.5,7,252,3.52,270,3.7,43,44
2017,Week 2,9/17/17,CAR,9,-7,-6.5,-300,1.33,-280,1.36,BUF,3,7,6.5,264,3.64,248,3.48,42.5,43
2017,Week 2,9/17/17,IND,13,7,7,285,3.85,252,3.52,ARI,16,-7,-7,-325,1.31,-285,1.35,44,44
2017,Week 2,9/17/17,JAX,16,0,1,106,2.06,102,2.02,TEN,37,0,-1,-117,1.85,-113,1.88,44,42
2017,Week 2,9/17/17,KAN,27,-4.5,-4,-208,1.48,-199,1.5,PHI,20,4.5,4,186,2.86,179,2.79,48,46.5
2017,Week 2,9/17/17,NOR,20,4.5,5.5,181,2.81,197,2.97,NWE,36,-4.5,-5.5,-202,1.5,-220,1.45,54,55
2017,Week 2,9/17/17,OAK,45,-14,-14,-800,1.13,-850,1.12,NYJ,20,14,14,638,7.38,671,7.71,43.5,44
2017,Week 2,9/17/17,LAC,17,-5,-3.5,-225,1.44,-185,1.54,MIA,19,5,3.5,201,3.01,166,2.66,45,46.5
2017,Week 2,9/17/17,DEN,42,2,2.5,111,2.11,116,2.16,DAL,17,-2,-2.5,-123,1.81,-128,1.78,43,44
2017,Week 2,9/17/17,LAR,20,-3,-3,-133,1.75,-150,1.67,WAS,27,3,3,120,2.2,136,2.36,46,45.5
2017,Week 2,9/17/17,SEA,12,-12,-13.5,-630,1.16,-800,1.13,SFO,9,12,13.5,520,6.2,638,7.38,43,42
2017,Week 2,9/17/17,ATL,34,-2,-3.5,-143,1.7,-177,1.56,GNB,23,2,3.5,129,2.29,159,2.59,53.5,55
2017,Week 2,9/18/17,NYG,10,-4.5,-3,-208,1.48,-167,1.6,DET,24,4.5,3,186,2.86,151,2.51,43.5,42
2017,Week 3,9/21/17,SFO,39,3,3,115,2.15,127,2.27,LAR,41,-3,-3,-127,1.79,-140,1.71,41,40.5
2017,Week 3,9/24/17,JAX,44,4,3,171,2.71,146,2.46,BAL,7,-4,-3,-190,1.53,-162,1.62,40.5,38
2017,Week 3,9/24/17,DET,26,3,3,129,2.29,151,2.51,ATL,30,-3,-3,-143,1.7,-167,1.6,48.5,51
2017,Week 3,9/24/17,IND,31,1,-1,101,2.01,-116,1.86,CLE,28,-1,1,-111,1.9,105,2.05,40.5,42
2017,Week 3,9/24/17,MIN,34,2.5,0,131,2.31,-106,1.94,TAM,17,-2.5,0,-145,1.69,-104,1.96,39.5,41
2017,Week 3,9/24/17,NWE,36,-13,-13.5,-750,1.13,-990,1.1,HOU,33,13,13.5,604,7.04,761,8.61,43.5,44.5
2017,Week 3,9/24/17,NYJ,20,6,5.5,218,3.18,200,3,MIA,6,-6,-5.5,-245,1.41,-224,1.45,41.5,43
2017,Week 3,9/24/17,PHI,27,-5,-5,-260,1.38,-230,1.43,NYG,24,5,5,231,3.31,205,3.05,43.5,42
2017,Week 3,9/24/17,BUF,26,2,3.5,131,2.31,162,2.62,DEN,16,-2,-3.5,-145,1.69,-180,1.56,41,40
2017,Week 3,9/24/17,CAR,13,-6,-5.5,-247,1.4,-242,1.41,NOR,34,6,5.5,220,3.2,216,3.16,49,46.5
2017,Week 3,9/24/17,CHI,23,7.5,7,285,3.85,264,3.64,PIT,17,-7.5,-7,-325,1.31,-300,1.33,45.5,43.5
2017,Week 3,9/24/17,TEN,33,-2.5,-2,-132,1.76,-130,1.77,SEA,27,2.5,2,120,2.2,118,2.18,43,42
2017,Week 3,9/24/17,GNB,27,-10,-7,-380,1.26,-335,1.3,CIN,24,10,7,330,4.3,293,3.93,45.5,47.5
2017,Week 3,9/24/17,LAC,10,2.5,3,122,2.22,131,2.31,KAN,24,-2.5,-3,-135,1.74,-145,1.69,45.5,47.5
2017,Week 3,9/24/17,WAS,27,3.5,3.5,138,2.38,166,2.66,OAK,10,-3.5,-3.5,-153,1.65,-185,1.54,53,53
2017,Week 3,9/25/17,ARI,17,3.5,3,169,2.69,137,2.37,DAL,28,-3.5,-3,-188,1.53,-151,1.66,47.5,46.5
2017,Week 4,9/28/17,GNB,35,-7.5,-7.5,-315,1.32,-360,1.28,CHI,14,7.5,7.5,277,3.77,314,4.14,45.5,44
2017,Week 4,10/1/17,MIA,0,2,4,125,2.25,176,2.76,NOR,20,-2,-4,-138,1.72,-196,1.51,50,51.5
2017,Week 4,10/1/17,HOU,57,2,2.5,102,2.02,126,2.26,TEN,14,-2,-2.5,-113,1.88,-139,1.72,43.5,43
2017,Week 4,10/1/17,MIN,7,-2.5,-2.5,-120,1.83,-155,1.65,DET,14,2.5,2.5,109,2.09,140,2.4,42.5,43
2017,Week 4,10/1/17,NWE,30,-8.5,-9,-415,1.24,-450,1.22,CAR,33,8.5,9,358,4.58,385,4.85,48,48
2017,Week 4,10/1/17,NYJ,23,3.5,4,162,2.62,175,2.75,JAX,20,-3.5,-4,-180,1.56,-195,1.51,39.5,38.5
2017,Week 4,10/1/17,ATL,17,-8.5,-8,-380,1.26,-380,1.26,BUF,23,8.5,8,330,4.3,330,4.3,48.5,48
2017,Week 4,10/1/17,BAL,9,2.5,3.5,137,2.37,166,2.66,PIT,26,-2.5,-3.5,-152,1.66,-185,1.54,45,42
2017,Week 4,10/1/17,CLE,7,3,3,162,2.62,148,2.48,CIN,31,-3,-3,-180,1.56,-164,1.61,40,41.5
2017,Week 4,10/1/17,DAL,30,-7.5,-5,-285,1.35,-237,1.42,LAR,35,7.5,5,252,3.52,211,3.11,46.5,51
2017,Week 4,10/1/17,ARI,18,-7,-6.5,-300,1.33,-265,1.38,SFO,15,7,6.5,264,3.64,235,3.35,44.5,43
2017,Week 4,10/1/17,LAC,24,-1,-1.5,-111,1.9,-117,1.85,PHI,26,1,1.5,101,2.01,106,2.06,46.5,48
2017,Week 4,10/1/17,TAM,25,-4.5,-2.5,-167,1.6,-139,1.72,NYG,23,4.5,2.5,151,2.51,126,2.26,44,46
2017,Week 4,10/1/17,DEN,16,-2.5,-3.5,-150,1.67,-185,1.54,OAK,10,2.5,3.5,136,2.36,166,2.66,46.5,44
2017,Week 4,10/1/17,SEA,46,-13.5,-12.5,-900,1.11,-750,1.13,IND,18,13.5,12.5,704,8.04,604,7.04,41.5,41.5
2017,Week 4,10/2/17,KAN,29,-7,-6.5,-270,1.37,-269,1.37,WAS,20,7,6.5,239,3.39,239,3.39,49.5,48
2017,Week 5,10/5/17,TAM,14,4.5,3.5,211,3.11,162,2.62,NWE,19,-4.5,-3.5,-237,1.42,-180,1.56,54,54.5
2017,Week 5,10/8/17,MIA,16,3,0,126,2.26,-113,1.88,TEN,10,-3,0,-139,1.72,102,2.02,43.5,41.5
2017,Week 5,10/8/17,NYG,22,-4,-3,-195,1.51,-160,1.63,LAC,27,4,3,175,2.75,144,2.44,44.5,45.5
2017,Week 5,10/8/17,CIN,20,-3,-3,-149,1.67,-150,1.67,BUF,16,3,3,135,2.35,136,2.36,39,39
2017,Week 5,10/8/17,PIT,9,-8.5,-7.5,-390,1.26,-330,1.3,JAX,30,8.5,7.5,338,4.38,289,3.89,44.5,41
2017,Week 5,10/8/17,PHI,34,-6.5,-6,-270,1.37,-254,1.39,ARI,7,6.5,6,239,3.39,226,3.26,45,45
2017,Week 5,10/8/17,CLE,14,-1.5,1.5,-124,1.81,111,2.11,NYJ,17,1.5,-1.5,112,2.12,-122,1.82,39,41.5
2017,Week 5,10/8/17,DET,24,-3,-2,-154,1.65,-130,1.77,CAR,27,3,2,139,2.39,118,2.18,43.5,42
2017,Week 5,10/8/17,IND,26,-1.5,1,-117,1.85,-106,1.94,SFO,23,1.5,-1,106,2.06,-104,1.96,43,43.5
2017,Week 5,10/8/17,LAR,10,-2,-2,-123,1.81,-133,1.75,SEA,16,2,2,111,2.11,120,2.2,46,46.5
2017,Week 5,10/8/17,OAK,17,-2.5,-3,-139,1.72,-155,1.65,BAL,30,2.5,3,126,2.26,140,2.4,40,40.5
2017,Week 5,10/8/17,DAL,31,-2.5,-2.5,-130,1.77,-139,1.72,GNB,35,2.5,2.5,118,2.18,126,2.26,52.5,52
2017,Week 5,10/8/17,HOU,34,0,2,102,2.02,116,2.16,KAN,42,0,-2,-113,1.88,-128,1.78,47,45
2017,Week 5,10/9/17,CHI,17,0,3.5,125,2.25,159,2.59,MIN,20,0,-3.5,-138,1.72,-177,1.56,40.5,41
2017,Week 6,10/12/17,CAR,23,-3,-3,-165,1.61,-148,1.68,PHI,28,3,3,149,2.49,134,2.34,45,44
2017,Week 6,10/15/17,NYJ,17,9.5,9,385,4.85,346,4.46,NWE,24,-9.5,-9,-450,1.22,-400,1.25,47.5,48.5
2017,Week 6,10/15/17,ATL,17,-10,-14,-550,1.18,-800,1.13,MIA,20,10,14,461,5.61,638,7.38,48,46
2017,Week 6,10/15/17,WAS,26,-10,-12,-440,1.23,-480,1.21,SFO,24,10,12,377,4.77,408,5.08,46.5,46
2017,Week 6,10/15/17,BAL,24,-6.5,-5.5,-270,1.37,-225,1.44,CHI,27,6.5,5.5,239,3.39,201,3.01,39.5,39.5
2017,Week 6,10/15/17,HOU,33,-9.5,-7.5,-450,1.22,-315,1.32,CLE,17,9.5,7.5,385,4.85,277,3.77,44,46
2017,Week 6,10/15/17,MIN,23,3,3,156,2.56,136,2.36,GNB,10,-3,-3,-173,1.58,-150,1.67,46.5,46
2017,Week 6,10/15/17,NOR,52,-3.5,-6,-200,1.5,-230,1.43,DET,38,3.5,6,180,2.8,205,3.05,50.5,50.5
2017,Week 6,10/15/17,ARI,38,0,2.5,114,2.14,121,2.21,TAM,33,0,-2.5,-126,1.79,-134,1.75,44,46.5
2017,Week 6,10/15/17,JAX,17,-2.5,-1,-143,1.7,-115,1.87,LAR,27,2.5,1,129,2.29,104,2.04,44,42
2017,Week 6,10/15/17,KAN,13,-4,-3.5,-190,1.53,-170,1.59,PIT,19,4,3.5,171,2.71,153,2.53,46,46.5
2017,Week 6,10/15/17,OAK,16,-3.5,-3,-185,1.54,-155,1.65,LAC,17,3.5,3,166,2.66,140,2.4,50.5,48.5
2017,Week 6,10/15/17,DEN,10,-10,-14,-600,1.17,-700,1.14,NYG,23,10,14,498,5.98,569,6.69,40.5,37.5
2017,Week 6,10/16/17,TEN,36,-8,-7,-380,1.26,-283,1.35,IND,22,8,7,330,4.3,250,3.5,48,46
2017,Week 7,10/19/17,OAK,31,-3,3,129,2.29,140,2.4,KAN,30,3,-3,-142,1.7,-155,1.65,47.5,46.5
2017,Week 7,10/22/17,IND,0,3,3,140,2.4,141,2.41,JAX,27,-3,-3,-155,1.65,-156,1.64,43.5,41
2017,Week 7,10/22/17,LAR,33,-3.5,-3,-183,1.55,-164,1.61,ARI,0,3.5,3,165,2.65,148,2.48,47,45.5
2017,Week 7,10/22/17,BUF,30,-1.5,-3,-150,1.67,-166,1.6,TAM,27,1.5,3,136,2.36,150,2.5,44,46.5
2017,Week 7,10/22/17,MIN,24,-4.5,-5,-235,1.43,-220,1.45,BAL,16,4.5,5,210,3.1,197,2.97,39.5,37.5
2017,Week 7,10/22/17,PIT,29,-6,-4,-234,1.43,-199,1.5,CIN,14,6,4,209,3.09,179,2.79,42,40
2017,Week 7,10/22/17,MIA,31,-4,-3,-161,1.62,-160,1.63,NYJ,28,4,3,145,2.45,144,2.44,39,40
2017,Week 7,10/22/17,CHI,17,4,2.5,148,2.48,126,2.26,CAR,3,-4,-2.5,-164,1.61,-139,1.72,41.5,39.5
2017,Week 7,10/22/17,CLE,9,5.5,5.5,205,3.05,205,3.05,TEN,12,-5.5,-5.5,-230,1.43,-230,1.43,46.5,42.5
2017,Week 7,10/22/17,GNB,17,4,3.5,182,2.82,171,2.71,NOR,26,-4,-3.5,-203,1.49,-190,1.53,47.5,45.5
2017,Week 7,10/22/17,SFO,10,6,6.5,214,3.14,235,3.35,DAL,40,-6,-6.5,-240,1.42,-265,1.38,47,48
2017,Week 7,10/22/17,LAC,21,-1,1,102,2.02,-105,1.95,DEN,0,1,-1,-113,1.88,-105,1.95,41.5,41
2017,Week 7,10/22/17,NYG,7,8,4,222,3.22,186,2.86,SEA,24,-8,-4,-250,1.4,-208,1.48,38.5,39
2017,Week 7,10/22/17,NWE,23,-4.5,-3,-190,1.53,-150,1.67,ATL,7,4.5,3,171,2.71,136,2.36,54,56.5
2017,Week 7,10/23/17,PHI,34,-5.5,-5,-218,1.46,-225,1.44,WAS,24,5.5,5,195,2.95,201,3.01,48.5,48.5
2017,Week 8,10/26/17,BAL,40,-3,-3,-167,1.6,-156,1.64,MIA,0,3,3,151,2.51,141,2.41,37.5,38
2017,Week 8,10/29/17,CLE,16,8.5,11,318,4.18,408,5.08,MIN,33,-8.5,-11,-365,1.27,-480,1.21,37.5,38.5
2017,Week 8,10/29/17,NWE,21,-7.5,-6.5,-325,1.31,-272,1.37,LAC,13,7.5,6.5,285,3.85,241,3.41,49,49.5
2017,Week 8,10/29/17,NOR,20,-9,-7.5,-355,1.28,-350,1.29,CHI,12,9,7.5,310,4.1,305,4.05,48,46
2017,Week 8,10/29/17,NYJ,20,4.5,6.5,175,2.75,248,3.48,ATL,25,-4.5,-6.5,-195,1.51,-280,1.36,46.5,43.5
2017,Week 8,10/29/17,PHI,33,-13,-13,-700,1.14,-750,1.13,SFO,10,13,13,569,6.69,604,7.04,47.5,45
2017,Week 8,10/29/17,TAM,3,-2.5,-1.5,-133,1.75,-123,1.81,CAR,17,2.5,1.5,120,2.2,111,2.11,44,46
2017,Week 8,10/29/17,BUF,34,-3,-2.5,-136,1.74,-128,1.78,OAK,14,3,2.5,123,2.23,116,2.16,45,47
2017,Week 8,10/29/17,CIN,24,-9,-11,-500,1.2,-500,1.2,IND,23,9,11,423,5.23,423,5.23,41,44
2017,Week 8,10/29/17,SEA,41,-5.5,-6,-250,1.4,-250,1.4,HOU,38,5.5,6,222,3.22,222,3.22,43,45
2017,Week 8,10/29/17,WAS,19,0,3,121,2.21,151,2.51,DAL,33,0,-3,-134,1.75,-167,1.6,50.5,46.5
2017,Week 8,10/29/17,DET,15,3,3,138,2.38,153,2.53,PIT,20,-3,-3,-153,1.65,-170,1.59,45,44.5
2017,Week 8,10/30/17,KAN,29,-7.5,-7,-294,1.34,-310,1.32,DEN,19,7.5,7,259,3.59,273,3.73,42,42
2017,Week 9,11/2/17,NYJ,34,3.5,3,144,2.44,158,2.58,BUF,21,-3.5,-3,-160,1.63,-170,1.59,42,42
2017,Week 9,11/5/17,HOU,14,-13,-6,-670,1.15,-253,1.4,IND,20,13,6,548,6.48,225,3.25,48,45
2017,Week 9,11/5/17,CAR,20,-2,3,-126,1.79,134,2.34,ATL,17,2,-3,114,2.14,-148,1.68,44,42
2017,Week 9,11/5/17,TEN,23,-3.5,-3,-170,1.59,-172,1.58,BAL,20,3.5,3,153,2.53,155,2.55,43,41
2017,Week 9,11/5/17,NOR,30,-7,-7,-300,1.33,-300,1.33,TAM,10,7,7,264,3.64,264,3.64,50,54
2017,Week 9,11/5/17,JAX,23,-3.5,-6,-205,1.49,-230,1.43,CIN,7,3.5,6,184,2.84,205,3.05,39.5,38
2017,Week 9,11/5/17,NYG,17,3.5,5.5,166,2.66,220,3.2,LAR,51,-3.5,-5.5,-185,1.54,-247,1.4,43.5,42.5
2017,Week 9,11/5/17,PHI,51,-7.5,-7,-365,1.27,-300,1.33,DEN,23,7.5,7,318,4.18,264,3.64,43.5,41
2017,Week 9,11/5/17,SEA,14,-7,-8,-315,1.32,-390,1.26,WAS,17,7,8,277,3.77,338,4.38,45,44.5
2017,Week 9,11/5/17,SFO,10,2.5,2.5,121,2.21,118,2.18,ARI,20,-2.5,-2.5,-134,1.75,-130,1.77,39,39
2017,Week 9,11/5/17,DAL,28,0,-2,102,2.02,-128,1.78,KAN,17,0,2,-113,1.88,116,2.16,51,53
2017,Week 9,11/5/17,MIA,24,2.5,3,122,2.22,140,2.4,OAK,27,-2.5,-3,-135,1.74,-155,1.65,43.5,44.5
2017,Week 9,11/6/17,GNB,17,2.5,2.5,129,2.29,118,2.18,DET,30,-2.5,-2.5,-143,1.7,-130,1.77,43,42.5
2017,Week 10,11/9/17,ARI,16,6,6,210,3.1,218,3.18,SEA,22,-6,-6,-235,1.43,-245,1.41,42.5,40
2017,Week 10,11/12/17,JAX,20,-4,-5,-202,1.5,-220,1.45,LAC,17,4,5,181,2.81,197,2.97,41.5,40.5
2017,Week 10,11/12/17,TAM,15,2.5,-1,121,2.21,-125,1.8,NYJ,10,-2.5,1,-134,1.75,113,2.13,41,44.5
2017,Week 10,11/12/17,BUF,10,2,2,115,2.15,116,2.16,NOR,47,-2,-2,-127,1.79,-128,1.78,48,48.5
2017,Week 10,11/12/17,WAS,30,2,1,102,2.02,-106,1.94,MIN,38,-2,-1,-113,1.88,-104,1.96,42,43
2017,Week 10,11/12/17,TEN,24,-5.5,-4.5,-235,1.43,-220,1.45,CIN,20,5.5,4.5,210,3.1,197,2.97,40.5,40.5
2017,Week 10,11/12/17,CHI,16,-4.5,-4.5,-208,1.48,-225,1.44,GNB,23,4.5,4.5,186,2.86,201,3.01,38,37.5
2017,Week 10,11/12/17,DET,38,-13,-10.5,-700,1.14,-450,1.22,CLE,24,13,10.5,569,6.69,385,4.85,43.5,42.5
2017,Week 10,11/12/17,IND,17,10.5,10.5,385,4.85,400,5,PIT,20,-10.5,-10.5,-450,1.22,-470,1.21,43,47
2017,Week 10,11/12/17,LAR,33,-11.5,-12,-550,1.18,-650,1.15,HOU,7,11.5,12,461,5.61,534,6.34,47,45
2017,Week 10,11/12/17,ATL,27,-3,-3.5,-156,1.64,-185,1.54,DAL,7,3,3.5,141,2.41,166,2.66,53,49
2017,Week 10,11/12/17,SFO,31,-1,3,-117,1.85,146,2.46,NYG,21,1,-3,106,2.06,-162,1.62,42,41.5
2017,Week 10,11/12/17,DEN,16,7.5,7,273,3.73,245,3.45,NWE,41,-7.5,-7,-310,1.32,-277,1.36,46,45
2017,Week 10,11/13/17,CAR,45,-10,-8,-400,1.25,-365,1.27,MIA,21,10,8,346,4.46,318,4.18,39.5,38.5
2017,Week 11,11/16/17,PIT,40,-6.5,-7,-290,1.34,-315,1.32,TEN,17,6.5,7,256,3.56,277,3.77,44,44.5
2017,Week 11,11/19/17,MIN,24,-2,-1,-135,1.74,-117,1.85,LAR,7,2,1,122,2.22,106,2.06,46,46
2017,Week 11,11/19/17,CHI,24,3,3,136,2.36,140,2.4,DET,27,-3,-3,-150,1.67,-155,1.65,44,41
2017,Week 11,11/19/17,NYG,12,12.5,10,354,4.54,338,4.38,KAN,9,-12.5,-10,-410,1.24,-390,1.26,43.5,44.5
2017,Week 11,11/19/17,NOR,34,-7.5,-9.5,-360,1.28,-360,1.28,WAS,31,7.5,9.5,314,4.14,314,4.14,50,52.5
2017,Week 11,11/19/17,CLE,7,7.5,7.5,310,4.1,273,3.73,JAX,19,-7.5,-7.5,-355,1.28,-310,1.32,38,37
2017,Week 11,11/19/17,GNB,0,1,2.5,106,2.06,121,2.21,BAL,23,-1,-2.5,-117,1.85,-134,1.75,38.5,38.5
2017,Week 11,11/19/17,HOU,31,1.5,-2.5,106,2.06,-130,1.77,ARI,21,-1.5,2.5,-117,1.85,118,2.18,38.5,38
2017,Week 11,11/19/17,LAC,54,-4.5,-7,-240,1.42,-300,1.33,BUF,24,4.5,7,214,3.14,264,3.64,43.5,41.5
2017,Week 11,11/19/17,DEN,17,-2.5,-2.5,-140,1.71,-155,1.65,CIN,20,2.5,2.5,127,2.27,140,2.4,40,37.5
2017,Week 11,11/19/17,OAK,8,5.5,7,252,3.52,256,3.56,NWE,33,-5.5,-7,-285,1.35,-290,1.34,50,55
2017,Week 11,11/19/17,DAL,9,3.5,6,149,2.49,208,3.08,PHI,37,-3.5,-6,-165,1.61,-233,1.43,47,48
2017,Week 11,11/20/17,SEA,31,-3,-1,-155,1.65,-114,1.88,ATL,34,3,1,140,2.4,103,2.03,45,46
2017,Week 12,11/23/17,DET,23,-1,2.5,116,2.16,122,2.22,MIN,30,1,-2.5,-128,1.78,-135,1.74,44.5,44.5
2017,Week 12,11/23/17,DAL,6,-3.5,1,121,2.21,106,2.06,LAC,28,3.5,-1,-134,1.75,-117,1.85,48,48
2017,Week 12,11/23/17,WAS,20,-7.5,-7,-305,1.33,-310,1.32,NYG,10,7.5,7,269,3.69,273,3.73,44.5,44.5
2017,Week 12,11/26/17,KAN,10,-9.5,-8.5,-450,1.22,-350,1.29,BUF,16,9.5,8.5,385,4.85,305,4.05,45,47.5
2017,Week 12,11/26/17,NWE,35,-17,-17,-1400,1.07,-1300,1.08,MIA,17,17,17,944,10.44,894,9.94,47.5,49
2017,Week 12,11/26/17,NYJ,27,4.5,5.5,175,2.75,216,3.16,CAR,35,-4.5,-5.5,-195,1.51,-242,1.41,39.5,39.5
2017,Week 12,11/26/17,PHI,31,-13.5,-14,-800,1.13,-750,1.13,CHI,3,13.5,14,638,7.38,604,7.04,44,43.5
2017,Week 12,11/26/17,ATL,34,-10,-10.5,-400,1.25,-470,1.21,TAM,20,10,10.5,346,4.46,400,5,49,47
2017,Week 12,11/26/17,CIN,30,-8,-7.5,-370,1.27,-315,1.32,CLE,16,8,7.5,322,4.22,277,3.77,38,39
2017,Week 12,11/26/17,IND,16,4.5,3,159,2.59,157,2.57,TEN,20,-4.5,-3,-177,1.56,-174,1.57,44,46.5
2017,Week 12,11/26/17,LAR,26,-2.5,-2.5,-141,1.71,-145,1.69,NOR,20,2.5,2.5,128,2.28,131,2.31,54,54
2017,Week 12,11/26/17,SFO,13,7,7,248,3.48,252,3.52,SEA,24,-7,-7,-280,1.36,-285,1.35,42,45
2017,Week 12,11/26/17,OAK,21,-5,-3.5,-225,1.44,-208,1.48,DEN,14,5,3.5,201,3.01,186,2.86,43,41
2017,Week 12,11/26/17,ARI,27,4,6.5,194,2.94,231,3.31,JAX,24,-4,-6.5,-217,1.46,-260,1.38,38,37.5
2017,Week 12,11/26/17,PIT,31,-13.5,-14,-850,1.12,-900,1.11,GNB,28,13.5,14,671,7.71,704,8.04,42.5,43
2017,Week 12,11/27/17,BAL,23,-7.5,-7.5,-300,1.33,-357,1.28,HOU,16,7.5,7.5,264,3.64,311,4.11,38,39.5
2017,Week 13,11/30/17,DAL,38,-1.5,1.5,-120,1.83,108,2.08,WAS,14,1.5,-1.5,109,2.09,-119,1.84,44.5,47
2017,Week 13,12/3/17,GNB,26,1.5,-3,-135,1.74,-162,1.62,TAM,20,-1.5,3,122,2.22,146,2.46,44,45
2017,Week 13,12/3/17,JAX,30,-8.5,-10,-410,1.24,-440,1.23,IND,10,8.5,10,354,4.54,377,4.77,40.5,41
2017,Week 13,12/3/17,MIA,35,1,1,-101,1.99,106,2.06,DEN,9,-1,-1,-109,1.92,-117,1.85,38,41
2017,Week 13,12/3/17,ATL,9,-3,-2,-155,1.65,-121,1.83,MIN,14,3,2,140,2.4,110,2.1,47,48.5
2017,Week 13,12/3/17,NYJ,38,4.5,3.5,147,2.47,171,2.71,KAN,31,-4.5,-3.5,-163,1.61,-190,1.53,43.5,44
2017,Week 13,12/3/17,TEN,24,-7,-7,-280,1.36,-285,1.35,HOU,13,7,7,248,3.48,252,3.52,42,42.5
2017,Week 13,12/3/17,NOR,31,-4,-5.5,-205,1.49,-248,1.4,CAR,21,4,5.5,184,2.84,221,3.21,48,48
2017,Week 13,12/3/17,BAL,44,-3,-2.5,-143,1.7,-129,1.78,DET,20,3,2.5,129,2.29,117,2.17,40,43
2017,Week 13,12/3/17,BUF,3,8,7.5,338,4.38,285,3.85,NWE,23,-8,-7.5,-390,1.26,-325,1.31,49.5,48.5
2017,Week 13,12/3/17,CHI,14,-4.5,-2.5,-183,1.55,-138,1.72,SFO,15,4.5,2.5,165,2.65,125,2.25,39.5,42
2017,Week 13,12/3/17,LAC,19,-13,-13.5,-850,1.12,-754,1.13,CLE,10,13,13.5,671,7.71,607,7.07,42.5,45
2017,Week 13,12/3/17,ARI,16,6.5,7.5,252,3.52,273,3.73,LAR,32,-6.5,-7.5,-285,1.35,-310,1.32,45.5,43
2017,Week 13,12/3/17,OAK,24,-7.5,-10,-315,1.32,-450,1.22,NYG,17,7.5,10,277,3.77,385,4.85,40.5,43
2017,Week 13,12/3/17,SEA,24,3.5,3.5,201,3.01,171,2.71,PHI,10,-3.5,-3.5,-225,1.44,-190,1.53,48,46.5
2017,Week 13,12/4/17,CIN,20,6,4.5,201,3.01,191,2.91,PIT,23,-6,-4.5,-225,1.44,-213,1.47,43.5,42.5
2017,Week 14,12/7/17,ATL,20,-1.5,-2.5,104,2.04,-134,1.75,NOR,17,1.5,2.5,-115,1.87,121,2.21,54.5,51.5
2017,Week 14,12/10/17,KAN,26,-4.5,-4.5,-199,1.5,-209,1.48,OAK,15,4.5,4.5,179,2.79,187,2.87,47.5,48.5
2017,Week 14,12/10/17,BUF,13,-4,-3.5,-147,1.68,-180,1.56,IND,7,4,3.5,133,2.33,162,2.62,40,36.5
2017,Week 14,12/10/17,TAM,21,2,0,133,2.33,111,2.11,DET,24,-2,0,-147,1.68,-123,1.81,43,45
2017,Week 14,12/10/17,CAR,31,1,2.5,126,2.26,116,2.16,MIN,24,-1,-2.5,-139,1.72,-128,1.78,42,40.5
2017,Week 14,12/10/17,CIN,7,-6.5,-6,-255,1.39,-260,1.38,CHI,33,6.5,6,227,3.27,231,3.31,37,40.5
2017,Week 14,12/10/17,CLE,21,4,2.5,149,2.49,120,2.2,GNB,27,-4,-2.5,-165,1.61,-133,1.75,41,38.5
2017,Week 14,12/10/17,HOU,16,-2,-1,-149,1.67,-123,1.81,SFO,26,2,1,135,2.35,111,2.11,42.5,45.5
2017,Week 14,12/10/17,JAX,30,-3,-3,-148,1.68,-143,1.7,SEA,24,3,3,134,2.34,129,2.29,39,41
2017,Week 14,12/10/17,ARI,12,3,2.5,136,2.36,129,2.29,TEN,7,-3,-2.5,-150,1.67,-143,1.7,44.5,42
2017,Week 14,12/10/17,DEN,23,-1,1,-103,1.97,-106,1.94,NYJ,0,1,-1,-107,1.93,-104,1.96,40.5,40.5
2017,Week 14,12/10/17,LAC,30,-6.5,-6,-255,1.39,-265,1.38,WAS,13,6.5,6,227,3.27,235,3.35,46,46.5
2017,Week 14,12/10/17,LAR,35,-1,1,-126,1.79,104,2.04,PHI,43,1,-1,114,2.14,-115,1.87,51,47.5
2017,Week 14,12/10/17,NYG,10,6,4,175,2.75,175,2.75,DAL,30,-6,-4,-195,1.51,-195,1.51,41,42
2017,Week 14,12/10/17,PIT,39,-6,-6,-225,1.44,-244,1.41,BAL,38,6,6,201,3.01,217,3.17,43.5,43
2017,Week 14,12/11/17,MIA,27,12,10,431,5.31,412,5.12,NWE,20,-12,-10,-510,1.2,-485,1.21,48.5,48
2017,Week 15,12/14/17,IND,13,12,10,431,5.31,412,5.12,DEN,25,-12,-10,-510,1.2,-485,1.21,48.5,40.5
2017,Week 15,12/16/17,DET,20,12,10,431,5.31,412,5.12,CHI,10,-12,-10,-510,1.2,-485,1.21,48.5,44
2017,Week 15,12/16/17,KAN,30,12,10,431,5.31,412,5.12,LAC,13,-12,-10,-510,1.2,-485,1.21,48.5,46
2017,Week 15,12/17/17,CLE,10,12,10,431,5.31,412,5.12,BAL,27,-12,-10,-510,1.2,-485,1.21,48.5,42
2017,Week 15,12/17/17,JAX,45,12,10,431,5.31,412,5.12,HOU,7,-12,-10,-510,1.2,-485,1.21,48.5,39
2017,Week 15,12/17/17,MIN,34,12,10,431,5.31,412,5.12,CIN,7,-12,-10,-510,1.2,-485,1.21,48.5,42
2017,Week 15,12/17/17,NOR,31,12,10,431,5.31,412,5.12,NYJ,19,-12,-10,-510,1.2,-485,1.21,48.5,47
2017,Week 15,12/17/17,NYG,29,12,10,431,5.31,412,5.12,PHI,34,-12,-10,-510,1.2,-485,1.21,48.5,40
2017,Week 15,12/17/17,WAS,20,12,10,431,5.31,412,5.12,ARI,15,-12,-10,-510,1.2,-485,1.21,48.5,43
2017,Week 15,12/17/17,BUF,24,12,10,431,5.31,412,5.12,MIA,16,-12,-10,-510,1.2,-485,1.21,39.5,39.5
2017,Week 15,12/17/17,CAR,31,12,10,431,5.31,412,5.12,GNB,24,-12,-10,-510,1.2,-485,1.21,48.5,47
2017,Week 15,12/17/17,SEA,7,12,10,431,5.31,412,5.12,LAR,42,-12,-10,-510,1.2,-485,1.21,48.5,47.5
2017,Week 15,12/17/17,SFO,25,12,10,431,5.31,412,5.12,TEN,23,-12,-10,-510,1.2,-485,1.21,48.5,44
2017,Week 15,12/17/17,PIT,24,12,10,431,5.31,412,5.12,NWE,27,-12,-10,-510,1.2,-485,1.21,48.5,53
2017,Week 15,12/17/17,OAK,17,12,10,431,5.31,412,5.12,DAL,20,-12,-10,-510,1.2,-485,1.21,48.5,46
2017,Week 15,12/18/17,TAM,21,12,10,431,5.31,412,5.12,ATL,24,-12,-10,-510,1.2,-485,1.21,48.5,48
2017,Week 16,12/23/17,BAL,23,0,0,0,0,0,0,IND,16,0,0,0,0,0,0,0,40.5,40.5,,,
2017,Week 16,12/23/17,GNB,0,0,0,0,0,0,0,MIN,16,0,0,0,0,0,0,0,40.5,40.5,,,
2017,Week 16,12/24/17,KAN,29,0,0,0,0,0,0,MIA,13,0,0,0,0,0,0,0,43.5,43.5,,,
2017,Week 16,12/24/17,NWE,37,0,0,0,0,0,0,BUF,16,0,0,0,0,0,0,0,47,47,,,
2017,Week 16,12/24/17,NOR,23,0,0,0,0,0,0,ATL,13,0,0,0,0,0,0,0,52.5,52.5,,,
2017,Week 16,12/24/17,NYJ,7,0,0,0,0,0,0,LAC,14,0,0,0,0,0,0,0,42.5,42.5,,,
2017,Week 16,12/24/17,TEN,23,0,0,0,0,0,0,LAR,27,0,0,0,0,0,0,0,48,48,,,
2017,Week 16,12/24/17,WAS,27,0,0,0,0,0,0,DEN,11,0,0,0,0,0,0,0,40.5,40.5,,,
2017,Week 16,12/24/17,CAR,22,0,0,0,0,0,0,TAM,19,0,0,0,0,0,0,0,46.5,46.5,,,
2017,Week 16,12/24/17,CHI,20,0,0,0,0,0,0,CLE,3,0,0,0,0,0,0,0,38,38,,,
2017,Week 16,12/24/17,CIN,26,0,0,0,0,0,0,DET,17,0,0,0,0,0,0,0,43.5,43.5,,,
2017,Week 16,12/24/17,SFO,44,0,0,0,0,0,0,JAX,33,0,0,0,0,0,0,0,42,42,,,
2017,Week 16,12/24/17,ARI,23,0,0,0,0,0,0,NYG,0,0,0,0,0,0,0,0,40,40,,,
2017,Week 16,12/24/17,DAL,12,0,0,0,0,0,0,SEA,21,0,0,0,0,0,0,0,47,47,,,
2017,Week 16,12/25/17,HOU,6,0,0,0,0,0,0,PIT,34,0,0,0,0,0,0,0,44,44,,,
2017,Week 16,12/25/17,PHI,19,0,0,0,0,0,0,OAK,10,0,0,0,0,0,0,0,48,48,,,
2017,Week 17,12/31/17,MIA,16,0,0,0,0,0,0,BUF,22,0,0,0,0,0,0,0,42.5,42.5,,,
2017,Week 17,12/31/17,MIN,23,0,0,0,0,0,0,CHI,10,0,0,0,0,0,0,0,38,38,,,
2017,Week 17,12/31/17,NWE,26,0,0,0,0,0,0,NYJ,6,0,0,0,0,0,0,0,43,43,,,
2017,Week 17,12/31/17,NYG,18,0,0,0,0,0,0,WAS,10,0,0,0,0,0,0,0,40,40,,,
2017,Week 17,12/31/17,BAL,27,0,0,0,0,0,0,CIN,31,0,0,0,0,0,0,0,40,40,,,
2017,Week 17,12/31/17,PIT,28,0,0,0,0,0,0,CLE,24,0,0,0,0,0,0,0,37.5,37.5,,,
2017,Week 17,12/31/17,TAM,31,0,0,0,0,0,0,NOR,24,0,0,0,0,0,0,0,48.5,48.5,,,
2017,Week 17,12/31/17,TEN,15,0,0,0,0,0,0,JAX,10,0,0,0,0,0,0,0,41.5,41.5,,,
2017,Week 17,12/31/17,ATL,22,0,0,0,0,0,0,CAR,10,0,0,0,0,0,0,0,45,45,,,
2017,Week 17,12/31/17,DET,35,0,0,0,0,0,0,GNB,11,0,0,0,0,0,0,0,44,44,,,
2017,Week 17,12/31/17,IND,22,0,0,0,0,0,0,HOU,13,0,0,0,0,0,0,0,41,41,,,
2017,Week 17,12/31/17,PHI,0,0,0,0,0,0,0,DAL,6,0,0,0,0,0,0,0,40,40,,,
2017,Week 17,12/31/17,SEA,24,0,0,0,0,0,0,ARI,26,0,0,0,0,0,0,0,38.5,38.5,,,
2017,Week 17,12/31/17,DEN,24,0,0,0,0,0,0,KAN,27,0,0,0,0,0,0,0,37.5,37.5,,,
2017,Week 17,12/31/17,SFO,13,0,0,0,0,0,0,LAR,34,0,0,0,0,0,0,0,44,44,,,
2017,Week 17,12/31/17,LAC,10,0,0,0,0,0,0,OAK,30,0,0,0,0,0,0,0,42.5,42.5,,,
2017,Week 18,12/31/17,KAN,0,0,0,0,0,0,0,TEN,0,0,0,0,0,0,0,0,44.5,44.5,,,
2017,Week 18,12/31/17,LAR,0,0,0,0,0,0,0,ATL,0,0,0,0,0,0,0,0,48,48,,,
2017,Week 18,12/31/17,JAX,0,0,0,0,0,0,0,BUF,0,0,0,0,0,0,0,0,39,39,,,
2017,Week 18,12/31/17,NOR,0,0,0,0,0,0,0,CAR,0,0,0,0,0,0,0,0,47.5,48.5,,,
2017,Week 19,12/31/17,PHI,0,0,0,0,0,0,0,ATL,0,0,0,0,0,0,0,0,44.5,41.5,,,
2017,Week 19,12/31/17,NWE,0,0,0,0,0,0,0,TEN,0,0,0,0,0,0,0,0,47,47,,,
2017,Week 19,12/31/17,PIT,0,0,0,0,0,0,0,JAX,0,0,0,0,0,0,0,0,41,41,,,
2017,Week 19,12/31/17,MIN,0,0,0,0,0,0,0,NOR,0,0,0,0,0,0,0,0,45,45,,,